312 356
313 356
314 356
315 356
310 357
311 357
312 357
313 357
314 357
315 357
316 357
317 357
318 357
309 358
310 358
311 358
312 358
313 358
314 358
315 358
316 358
317 358
318 358
309 359
310 359
311 359
312 359
313 359
314 359
315 359
316 359
317 359
318 359
319 359
308 360
309 360
310 360
311 360
312 360
313 360
314 360
315 360
316 360
317 360
318 360
319 360
308 361
309 361
310 361
311 361
312 361
313 361
314 361
315 361
316 361
317 361
318 361
319 361
308 362
309 362
310 362
311 362
312 362
313 362
314 362
315 362
316 362
317 362
318 362
319 362
308 363
309 363
310 363
311 363
312 363
313 363
314 363
315 363
316 363
317 363
318 363
319 363
308 364
309 364
310 364
311 364
312 364
313 364
314 364
315 364
316 364
317 364
318 364
319 364
320 364
308 365
309 365
310 365
311 365
312 365
313 365
314 365
315 365
316 365
317 365
318 365
319 365
320 365
308 366
309 366
310 366
311 366
312 366
313 366
314 366
315 366
316 366
317 366
318 366
319 366
320 366
308 367
309 367
310 367
311 367
312 367
313 367
314 367
315 367
316 367
317 367
318 367
319 367
320 367
308 368
309 368
310 368
311 368
312 368
313 368
314 368
315 368
316 368
317 368
318 368
319 368
320 368
308 369
309 369
310 369
311 369
312 369
313 369
314 369
315 369
316 369
317 369
318 369
319 369
320 369
308 370
309 370
310 370
311 370
312 370
313 370
314 370
315 370
316 370
317 370
318 370
319 370
320 370
308 371
309 371
310 371
311 371
312 371
313 371
314 371
315 371
316 371
317 371
318 371
319 371
320 371
308 372
309 372
310 372
311 372
312 372
313 372
314 372
315 372
316 372
317 372
318 372
319 372
320 372
308 373
309 373
310 373
311 373
312 373
313 373
314 373
315 373
316 373
317 373
318 373
319 373
320 373
308 374
309 374
310 374
311 374
312 374
313 374
314 374
315 374
316 374
317 374
318 374
319 374
320 374
308 375
309 375
310 375
311 375
312 375
313 375
314 375
315 375
316 375
317 375
318 375
319 375
320 375
308 376
309 376
310 376
311 376
312 376
313 376
314 376
315 376
316 376
317 376
318 376
319 376
320 376
308 377
309 377
310 377
311 377
312 377
313 377
314 377
315 377
316 377
317 377
318 377
319 377
320 377
308 378
309 378
310 378
311 378
312 378
313 378
314 378
315 378
316 378
317 378
318 378
319 378
320 378
308 379
309 379
310 379
311 379
312 379
313 379
314 379
315 379
316 379
317 379
318 379
319 379
320 379
308 380
309 380
310 380
311 380
312 380
313 380
314 380
315 380
316 380
317 380
318 380
319 380
320 380
308 381
309 381
310 381
311 381
312 381
313 381
314 381
315 381
316 381
317 381
318 381
319 381
308 382
309 382
310 382
311 382
312 382
313 382
314 382
315 382
316 382
317 382
318 382
319 382
308 383
309 383
310 383
311 383
312 383
313 383
314 383
315 383
316 383
317 383
318 383
319 383
309 384
310 384
311 384
312 384
313 384
314 384
315 384
316 384
317 384
318 384
309 385
310 385
311 385
312 385
313 385
314 385
315 385
316 385
317 385
310 386
311 386
312 386
313 386
314 386
315 386
