283 424
284 424
285 424
286 424
287 424
288 424
289 424
290 424
291 424
292 424
293 424
294 424
295 424
296 424
297 424
298 424
299 424
300 424
281 425
282 425
283 425
284 425
285 425
286 425
287 425
288 425
289 425
290 425
291 425
292 425
293 425
294 425
295 425
296 425
297 425
298 425
299 425
300 425
301 425
302 425
281 426
282 426
283 426
284 426
285 426
286 426
287 426
288 426
289 426
290 426
291 426
292 426
293 426
294 426
295 426
296 426
297 426
298 426
299 426
300 426
301 426
302 426
303 426
280 427
281 427
282 427
283 427
284 427
285 427
286 427
287 427
288 427
289 427
290 427
291 427
292 427
293 427
294 427
295 427
296 427
297 427
298 427
299 427
300 427
301 427
302 427
303 427
280 428
281 428
282 428
283 428
284 428
285 428
286 428
287 428
288 428
289 428
290 428
291 428
292 428
293 428
294 428
295 428
296 428
297 428
298 428
299 428
300 428
301 428
302 428
303 428
280 429
281 429
282 429
283 429
284 429
285 429
286 429
287 429
288 429
289 429
290 429
291 429
292 429
293 429
294 429
295 429
296 429
297 429
298 429
299 429
300 429
301 429
302 429
303 429
280 430
281 430
282 430
283 430
284 430
285 430
286 430
287 430
288 430
289 430
290 430
291 430
292 430
293 430
294 430
295 430
296 430
297 430
298 430
299 430
300 430
301 430
302 430
303 430
280 431
281 431
282 431
283 431
284 431
285 431
286 431
287 431
288 431
289 431
290 431
291 431
292 431
293 431
294 431
295 431
296 431
297 431
298 431
299 431
300 431
301 431
302 431
303 431
304 431
280 432
281 432
282 432
283 432
284 432
285 432
286 432
287 432
288 432
289 432
290 432
291 432
292 432
293 432
294 432
295 432
296 432
297 432
298 432
299 432
300 432
301 432
302 432
303 432
304 432
280 433
281 433
282 433
283 433
284 433
285 433
286 433
287 433
288 433
289 433
290 433
291 433
292 433
293 433
294 433
295 433
296 433
297 433
298 433
299 433
300 433
301 433
302 433
303 433
304 433
280 434
281 434
282 434
283 434
284 434
285 434
286 434
287 434
288 434
289 434
290 434
291 434
292 434
293 434
294 434
295 434
296 434
297 434
298 434
299 434
300 434
301 434
302 434
303 434
304 434
280 435
281 435
282 435
283 435
284 435
285 435
286 435
287 435
288 435
289 435
290 435
291 435
292 435
293 435
294 435
295 435
296 435
297 435
298 435
299 435
300 435
301 435
302 435
303 435
304 435
280 436
281 436
282 436
283 436
284 436
285 436
286 436
287 436
288 436
289 436
290 436
291 436
292 436
293 436
294 436
295 436
296 436
297 436
298 436
299 436
300 436
301 436
302 436
303 436
304 436
280 437
281 437
282 437
283 437
284 437
285 437
286 437
287 437
288 437
289 437
290 437
291 437
292 437
293 437
294 437
295 437
296 437
297 437
298 437
299 437
300 437
301 437
302 437
303 437
304 437
280 438
281 438
282 438
283 438
284 438
285 438
286 438
287 438
288 438
289 438
290 438
291 438
292 438
293 438
294 438
295 438
296 438
297 438
298 438
299 438
300 438
301 438
302 438
303 438
304 438
280 439
281 439
282 439
283 439
284 439
285 439
286 439
287 439
288 439
289 439
290 439
291 439
292 439
293 439
294 439
295 439
296 439
297 439
298 439
299 439
300 439
301 439
302 439
303 439
304 439
280 440
281 440
282 440
283 440
284 440
285 440
286 440
287 440
288 440
289 440
290 440
291 440
292 440
293 440
294 440
295 440
296 440
297 440
298 440
299 440
300 440
301 440
302 440
303 440
304 440
280 441
281 441
282 441
283 441
284 441
285 441
286 441
287 441
288 441
289 441
290 441
291 441
292 441
293 441
294 441
295 441
296 441
297 441
298 441
299 441
300 441
301 441
302 441
303 441
280 442
281 442
282 442
283 442
284 442
285 442
286 442
287 442
288 442
289 442
290 442
291 442
292 442
293 442
294 442
295 442
296 442
297 442
298 442
299 442
300 442
301 442
302 442
303 442
280 443
281 443
282 443
283 443
284 443
285 443
286 443
287 443
288 443
289 443
290 443
291 443
292 443
293 443
294 443
295 443
296 443
297 443
298 443
299 443
300 443
301 443
302 443
303 443
280 444
281 444
282 444
283 444
284 444
285 444
286 444
287 444
288 444
289 444
290 444
291 444
292 444
293 444
294 444
295 444
296 444
297 444
298 444
299 444
300 444
301 444
302 444
303 444
280 445
281 445
282 445
283 445
284 445
285 445
286 445
287 445
288 445
289 445
290 445
291 445
292 445
293 445
294 445
295 445
296 445
297 445
298 445
299 445
300 445
301 445
302 445
303 445
280 446
281 446
282 446
283 446
284 446
285 446
286 446
287 446
288 446
289 446
290 446
291 446
292 446
293 446
294 446
295 446
296 446
297 446
298 446
299 446
300 446
301 446
302 446
303 446
280 447
281 447
282 447
283 447
284 447
285 447
286 447
287 447
288 447
289 447
290 447
291 447
292 447
293 447
294 447
295 447
296 447
297 447
298 447
299 447
300 447
301 447
302 447
303 447
280 448
281 448
282 448
283 448
284 448
285 448
286 448
287 448
288 448
289 448
290 448
291 448
292 448
293 448
294 448
295 448
296 448
297 448
298 448
299 448
300 448
301 448
302 448
303 448
280 449
281 449
282 449
283 449
284 449
285 449
286 449
287 449
288 449
289 449
290 449
291 449
292 449
293 449
294 449
295 449
296 449
297 449
298 449
299 449
300 449
301 449
302 449
303 449
280 450
281 450
282 450
283 450
284 450
285 450
286 450
287 450
288 450
289 450
290 450
291 450
292 450
293 450
294 450
295 450
296 450
297 450
298 450
299 450
300 450
301 450
302 450
280 451
281 451
282 451
283 451
284 451
285 451
286 451
287 451
288 451
289 451
290 451
291 451
292 451
293 451
294 451
295 451
296 451
297 451
298 451
299 451
300 451
301 451
280 452
281 452
282 452
283 452
284 452
285 452
286 452
287 452
288 452
289 452
290 452
291 452
292 452
293 452
294 452
295 452
296 452
297 452
298 452
299 452
300 452
280 453
281 453
282 453
283 453
284 453
285 453
286 453
287 453
288 453
289 453
290 453
291 453
292 453
293 453
294 453
295 453
296 453
297 453
298 453
299 453
300 453
280 454
281 454
282 454
283 454
284 454
285 454
286 454
287 454
288 454
289 454
290 454
291 454
292 454
293 454
294 454
295 454
296 454
297 454
298 454
299 454
280 455
281 455
282 455
283 455
284 455
285 455
286 455
287 455
288 455
289 455
290 455
291 455
292 455
293 455
294 455
295 455
296 455
297 455
298 455
299 455
280 456
281 456
282 456
283 456
284 456
285 456
286 456
287 456
288 456
289 456
290 456
291 456
292 456
293 456
294 456
295 456
296 456
297 456
298 456
299 456
280 457
281 457
282 457
283 457
284 457
285 457
286 457
287 457
288 457
289 457
290 457
291 457
292 457
293 457
294 457
295 457
296 457
297 457
298 457
280 458
281 458
282 458
283 458
284 458
285 458
286 458
287 458
288 458
289 458
290 458
291 458
292 458
293 458
294 458
295 458
296 458
297 458
298 458
281 459
282 459
283 459
284 459
285 459
286 459
287 459
288 459
289 459
290 459
291 459
292 459
293 459
294 459
295 459
296 459
297 459
281 460
282 460
283 460
284 460
285 460
286 460
287 460
288 460
289 460
290 460
291 460
292 460
293 460
294 460
295 460
296 460
282 461
283 461
284 461
285 461
286 461
287 461
288 461
289 461
290 461
291 461
292 461
293 461
294 461
295 461
283 462
284 462
285 462
286 462
287 462
288 462
289 462
290 462
291 462
292 462
293 462
294 462
295 462
284 463
285 463
286 463
287 463
288 463
289 463
290 463
291 463
292 463
293 463
294 463
286 464
287 464
288 464
289 464
290 464
