253 405
254 405
255 405
252 406
253 406
254 406
255 406
256 406
252 407
253 407
254 407
255 407
256 407
257 407
252 408
253 408
254 408
255 408
256 408
257 408
258 408
252 409
253 409
254 409
255 409
256 409
257 409
258 409
259 409
252 410
253 410
254 410
255 410
256 410
257 410
258 410
259 410
252 411
253 411
254 411
255 411
256 411
257 411
258 411
259 411
252 412
253 412
254 412
255 412
256 412
257 412
258 412
259 412
260 412
252 413
253 413
254 413
255 413
256 413
257 413
258 413
259 413
260 413
261 413
252 414
253 414
254 414
255 414
256 414
257 414
258 414
259 414
260 414
261 414
262 414
252 415
253 415
254 415
255 415
256 415
257 415
258 415
259 415
260 415
261 415
262 415
252 416
253 416
254 416
255 416
256 416
257 416
258 416
259 416
260 416
261 416
262 416
263 416
252 417
253 417
254 417
255 417
256 417
257 417
258 417
259 417
260 417
261 417
262 417
263 417
252 418
253 418
254 418
255 418
256 418
257 418
258 418
259 418
260 418
261 418
262 418
263 418
252 419
253 419
254 419
255 419
256 419
257 419
258 419
259 419
260 419
261 419
262 419
263 419
264 419
252 420
253 420
254 420
255 420
256 420
257 420
258 420
259 420
260 420
261 420
262 420
263 420
264 420
252 421
253 421
254 421
255 421
256 421
257 421
258 421
259 421
260 421
261 421
262 421
263 421
264 421
265 421
252 422
253 422
254 422
255 422
256 422
257 422
258 422
259 422
260 422
261 422
262 422
263 422
264 422
265 422
266 422
253 423
254 423
255 423
256 423
257 423
258 423
259 423
260 423
261 423
262 423
263 423
264 423
265 423
266 423
253 424
254 424
255 424
256 424
257 424
258 424
259 424
260 424
261 424
262 424
263 424
264 424
265 424
266 424
254 425
255 425
256 425
257 425
258 425
259 425
260 425
261 425
262 425
263 425
264 425
265 425
266 425
267 425
255 426
256 426
257 426
258 426
259 426
260 426
261 426
262 426
263 426
264 426
265 426
266 426
267 426
256 427
257 427
258 427
259 427
260 427
261 427
262 427
263 427
264 427
265 427
266 427
267 427
257 428
258 428
259 428
260 428
261 428
262 428
263 428
264 428
265 428
266 428
267 428
258 429
259 429
260 429
261 429
262 429
263 429
264 429
265 429
266 429
267 429
268 429
259 430
260 430
261 430
262 430
263 430
264 430
265 430
266 430
267 430
268 430
260 431
261 431
262 431
263 431
264 431
265 431
266 431
267 431
263 432
264 432
265 432
266 432
