221 284
222 284
223 284
224 284
225 284
226 284
227 284
228 284
219 285
220 285
221 285
222 285
223 285
224 285
225 285
226 285
227 285
228 285
229 285
230 285
218 286
219 286
220 286
221 286
222 286
223 286
224 286
225 286
226 286
227 286
228 286
229 286
230 286
231 286
217 287
218 287
219 287
220 287
221 287
222 287
223 287
224 287
225 287
226 287
227 287
228 287
229 287
230 287
231 287
232 287
217 288
218 288
219 288
220 288
221 288
222 288
223 288
224 288
225 288
226 288
227 288
228 288
229 288
230 288
231 288
232 288
233 288
234 288
216 289
217 289
218 289
219 289
220 289
221 289
222 289
223 289
224 289
225 289
226 289
227 289
228 289
229 289
230 289
231 289
232 289
233 289
234 289
235 289
216 290
217 290
218 290
219 290
220 290
221 290
222 290
223 290
224 290
225 290
226 290
227 290
228 290
229 290
230 290
231 290
232 290
233 290
234 290
235 290
216 291
217 291
218 291
219 291
220 291
221 291
222 291
223 291
224 291
225 291
226 291
227 291
228 291
229 291
230 291
231 291
232 291
233 291
234 291
235 291
236 291
216 292
217 292
218 292
219 292
220 292
221 292
222 292
223 292
224 292
225 292
226 292
227 292
228 292
229 292
230 292
231 292
232 292
233 292
234 292
235 292
236 292
216 293
217 293
218 293
219 293
220 293
221 293
222 293
223 293
224 293
225 293
226 293
227 293
228 293
229 293
230 293
231 293
232 293
233 293
234 293
235 293
236 293
237 293
216 294
217 294
218 294
219 294
220 294
221 294
222 294
223 294
224 294
225 294
226 294
227 294
228 294
229 294
230 294
231 294
232 294
233 294
234 294
235 294
236 294
237 294
238 294
216 295
217 295
218 295
219 295
220 295
221 295
222 295
223 295
224 295
225 295
226 295
227 295
228 295
229 295
230 295
231 295
232 295
233 295
234 295
235 295
236 295
237 295
238 295
216 296
217 296
218 296
219 296
220 296
221 296
222 296
223 296
224 296
225 296
226 296
227 296
228 296
229 296
230 296
231 296
232 296
233 296
234 296
235 296
236 296
237 296
238 296
239 296
216 297
217 297
218 297
219 297
220 297
221 297
222 297
223 297
224 297
225 297
226 297
227 297
228 297
229 297
230 297
231 297
232 297
233 297
234 297
235 297
236 297
237 297
238 297
239 297
216 298
217 298
218 298
219 298
220 298
221 298
222 298
223 298
224 298
225 298
226 298
227 298
228 298
229 298
230 298
231 298
232 298
233 298
234 298
235 298
236 298
237 298
238 298
239 298
216 299
217 299
218 299
219 299
220 299
221 299
222 299
223 299
224 299
225 299
226 299
227 299
228 299
229 299
230 299
231 299
232 299
233 299
234 299
235 299
236 299
237 299
238 299
239 299
216 300
217 300
218 300
219 300
220 300
221 300
222 300
223 300
224 300
225 300
226 300
227 300
228 300
229 300
230 300
231 300
232 300
233 300
234 300
235 300
236 300
237 300
238 300
239 300
216 301
217 301
218 301
219 301
220 301
221 301
222 301
223 301
224 301
225 301
226 301
227 301
228 301
229 301
230 301
231 301
232 301
233 301
234 301
235 301
236 301
237 301
238 301
239 301
216 302
217 302
218 302
219 302
220 302
221 302
222 302
223 302
224 302
225 302
226 302
227 302
228 302
229 302
230 302
231 302
232 302
233 302
234 302
235 302
236 302
237 302
238 302
239 302
216 303
217 303
218 303
219 303
220 303
221 303
222 303
223 303
224 303
225 303
226 303
227 303
228 303
229 303
230 303
231 303
232 303
233 303
234 303
235 303
236 303
237 303
238 303
239 303
216 304
217 304
218 304
219 304
220 304
221 304
222 304
223 304
224 304
225 304
226 304
227 304
228 304
229 304
230 304
231 304
232 304
233 304
234 304
235 304
236 304
237 304
238 304
239 304
216 305
217 305
218 305
219 305
220 305
221 305
222 305
223 305
224 305
225 305
226 305
227 305
228 305
229 305
230 305
231 305
232 305
233 305
234 305
235 305
236 305
237 305
238 305
239 305
216 306
217 306
218 306
219 306
220 306
221 306
222 306
223 306
224 306
225 306
226 306
227 306
228 306
229 306
230 306
231 306
232 306
233 306
234 306
235 306
236 306
237 306
238 306
239 306
240 306
216 307
217 307
218 307
219 307
220 307
221 307
222 307
223 307
224 307
225 307
226 307
227 307
228 307
229 307
230 307
231 307
232 307
233 307
234 307
235 307
236 307
237 307
238 307
239 307
240 307
241 307
216 308
217 308
218 308
219 308
220 308
221 308
222 308
223 308
224 308
225 308
226 308
227 308
228 308
229 308
230 308
231 308
232 308
233 308
234 308
235 308
236 308
237 308
238 308
239 308
240 308
241 308
242 308
216 309
217 309
218 309
219 309
220 309
221 309
222 309
223 309
224 309
225 309
226 309
227 309
228 309
229 309
230 309
231 309
232 309
233 309
234 309
235 309
236 309
237 309
238 309
239 309
240 309
241 309
242 309
243 309
216 310
217 310
218 310
219 310
220 310
221 310
222 310
223 310
224 310
225 310
226 310
227 310
228 310
229 310
230 310
231 310
232 310
233 310
234 310
235 310
236 310
237 310
238 310
239 310
240 310
241 310
242 310
243 310
216 311
217 311
218 311
219 311
220 311
221 311
222 311
223 311
224 311
225 311
226 311
227 311
228 311
229 311
230 311
231 311
232 311
233 311
234 311
235 311
236 311
237 311
238 311
239 311
240 311
241 311
242 311
243 311
216 312
217 312
218 312
219 312
220 312
221 312
222 312
223 312
224 312
225 312
226 312
227 312
228 312
229 312
230 312
231 312
232 312
233 312
234 312
235 312
236 312
237 312
238 312
239 312
240 312
241 312
242 312
243 312
216 313
217 313
218 313
219 313
220 313
221 313
222 313
223 313
224 313
225 313
226 313
227 313
228 313
229 313
230 313
231 313
232 313
233 313
234 313
235 313
236 313
237 313
238 313
239 313
240 313
241 313
242 313
243 313
244 313
216 314
217 314
218 314
219 314
220 314
221 314
222 314
223 314
224 314
225 314
226 314
227 314
228 314
229 314
230 314
231 314
232 314
233 314
234 314
235 314
236 314
237 314
238 314
239 314
240 314
241 314
242 314
243 314
244 314
216 315
217 315
218 315
219 315
220 315
221 315
222 315
223 315
224 315
225 315
226 315
227 315
228 315
229 315
230 315
231 315
232 315
233 315
234 315
235 315
236 315
237 315
238 315
239 315
240 315
241 315
242 315
243 315
244 315
216 316
217 316
218 316
219 316
220 316
221 316
222 316
223 316
224 316
225 316
226 316
227 316
228 316
229 316
230 316
231 316
232 316
233 316
234 316
235 316
236 316
237 316
238 316
239 316
240 316
241 316
242 316
243 316
244 316
216 317
217 317
218 317
219 317
220 317
221 317
222 317
223 317
224 317
225 317
226 317
227 317
228 317
229 317
230 317
231 317
232 317
233 317
234 317
235 317
236 317
237 317
238 317
239 317
240 317
241 317
242 317
243 317
244 317
216 318
217 318
218 318
219 318
220 318
221 318
222 318
223 318
224 318
225 318
226 318
227 318
228 318
229 318
230 318
231 318
232 318
233 318
234 318
235 318
236 318
237 318
238 318
239 318
240 318
241 318
242 318
243 318
244 318
217 319
218 319
219 319
220 319
221 319
222 319
223 319
224 319
225 319
226 319
227 319
228 319
229 319
230 319
231 319
232 319
233 319
234 319
235 319
236 319
237 319
238 319
239 319
240 319
241 319
242 319
243 319
219 320
220 320
221 320
222 320
223 320
224 320
225 320
226 320
227 320
228 320
229 320
230 320
231 320
232 320
233 320
234 320
235 320
236 320
237 320
238 320
239 320
240 320
241 320
242 320
220 321
221 321
222 321
223 321
224 321
225 321
226 321
227 321
228 321
229 321
230 321
231 321
232 321
233 321
234 321
235 321
236 321
237 321
238 321
239 321
240 321
241 321
221 322
222 322
223 322
224 322
225 322
226 322
227 322
228 322
229 322
230 322
231 322
232 322
233 322
234 322
235 322
236 322
237 322
238 322
239 322
240 322
222 323
223 323
224 323
225 323
226 323
227 323
228 323
229 323
230 323
231 323
232 323
233 323
234 323
235 323
236 323
237 323
238 323
226 324
227 324
228 324
229 324
230 324
231 324
232 324
233 324
234 324
235 324
236 324
