273 360
274 360
275 360
276 360
277 360
278 360
279 360
280 360
281 360
282 360
283 360
272 361
273 361
274 361
275 361
276 361
277 361
278 361
279 361
280 361
281 361
282 361
283 361
284 361
285 361
286 361
272 362
273 362
274 362
275 362
276 362
277 362
278 362
279 362
280 362
281 362
282 362
283 362
284 362
285 362
286 362
272 363
273 363
274 363
275 363
276 363
277 363
278 363
279 363
280 363
281 363
282 363
283 363
284 363
285 363
286 363
287 363
272 364
273 364
274 364
275 364
276 364
277 364
278 364
279 364
280 364
281 364
282 364
283 364
284 364
285 364
286 364
287 364
272 365
273 365
274 365
275 365
276 365
277 365
278 365
279 365
280 365
281 365
282 365
283 365
284 365
285 365
286 365
287 365
288 365
272 366
273 366
274 366
275 366
276 366
277 366
278 366
279 366
280 366
281 366
282 366
283 366
284 366
285 366
286 366
287 366
288 366
272 367
273 367
274 367
275 367
276 367
277 367
278 367
279 367
280 367
281 367
282 367
283 367
284 367
285 367
286 367
287 367
288 367
289 367
272 368
273 368
274 368
275 368
276 368
277 368
278 368
279 368
280 368
281 368
282 368
283 368
284 368
285 368
286 368
287 368
288 368
289 368
272 369
273 369
274 369
275 369
276 369
277 369
278 369
279 369
280 369
281 369
282 369
283 369
284 369
285 369
286 369
287 369
288 369
289 369
290 369
272 370
273 370
274 370
275 370
276 370
277 370
278 370
279 370
280 370
281 370
282 370
283 370
284 370
285 370
286 370
287 370
288 370
289 370
290 370
272 371
273 371
274 371
275 371
276 371
277 371
278 371
279 371
280 371
281 371
282 371
283 371
284 371
285 371
286 371
287 371
288 371
289 371
272 372
273 372
274 372
275 372
276 372
277 372
278 372
279 372
280 372
281 372
282 372
283 372
284 372
285 372
286 372
287 372
288 372
289 372
272 373
273 373
274 373
275 373
276 373
277 373
278 373
279 373
280 373
281 373
282 373
283 373
284 373
285 373
286 373
287 373
288 373
272 374
273 374
274 374
275 374
276 374
277 374
278 374
279 374
280 374
281 374
282 374
283 374
284 374
285 374
286 374
287 374
288 374
272 375
273 375
274 375
275 375
276 375
277 375
278 375
279 375
280 375
281 375
282 375
283 375
284 375
285 375
286 375
287 375
288 375
272 376
273 376
274 376
275 376
276 376
277 376
278 376
279 376
280 376
281 376
282 376
283 376
284 376
285 376
286 376
287 376
272 377
273 377
274 377
275 377
276 377
277 377
278 377
279 377
280 377
281 377
282 377
283 377
284 377
285 377
286 377
287 377
272 378
273 378
274 378
275 378
276 378
277 378
278 378
279 378
280 378
281 378
282 378
283 378
284 378
285 378
286 378
287 378
272 379
273 379
274 379
275 379
276 379
277 379
278 379
279 379
280 379
281 379
282 379
283 379
284 379
285 379
286 379
273 380
274 380
275 380
276 380
277 380
278 380
279 380
280 380
281 380
282 380
283 380
284 380
285 380
273 381
274 381
275 381
276 381
277 381
278 381
279 381
280 381
281 381
282 381
283 381
284 381
273 382
274 382
275 382
276 382
277 382
278 382
279 382
280 382
281 382
282 382
283 382
284 382
275 383
276 383
277 383
278 383
279 383
280 383
281 383
282 383
283 383
277 384
278 384
279 384
280 384
281 384
