328 356
329 356
330 356
331 356
332 356
333 356
334 356
326 357
327 357
328 357
329 357
330 357
331 357
332 357
333 357
334 357
335 357
325 358
326 358
327 358
328 358
329 358
330 358
331 358
332 358
333 358
334 358
335 358
325 359
326 359
327 359
328 359
329 359
330 359
331 359
332 359
333 359
334 359
335 359
324 360
325 360
326 360
327 360
328 360
329 360
330 360
331 360
332 360
333 360
334 360
335 360
336 360
324 361
325 361
326 361
327 361
328 361
329 361
330 361
331 361
332 361
333 361
334 361
335 361
336 361
324 362
325 362
326 362
327 362
328 362
329 362
330 362
331 362
332 362
333 362
334 362
335 362
336 362
324 363
325 363
326 363
327 363
328 363
329 363
330 363
331 363
332 363
333 363
334 363
335 363
336 363
337 363
323 364
324 364
325 364
326 364
327 364
328 364
329 364
330 364
331 364
332 364
333 364
334 364
335 364
336 364
337 364
338 364
323 365
324 365
325 365
326 365
327 365
328 365
329 365
330 365
331 365
332 365
333 365
334 365
335 365
336 365
337 365
338 365
323 366
324 366
325 366
326 366
327 366
328 366
329 366
330 366
331 366
332 366
333 366
334 366
335 366
336 366
337 366
338 366
323 367
324 367
325 367
326 367
327 367
328 367
329 367
330 367
331 367
332 367
333 367
334 367
335 367
336 367
337 367
338 367
323 368
324 368
325 368
326 368
327 368
328 368
329 368
330 368
331 368
332 368
333 368
334 368
335 368
336 368
337 368
338 368
339 368
322 369
323 369
324 369
325 369
326 369
327 369
328 369
329 369
330 369
331 369
332 369
333 369
334 369
335 369
336 369
337 369
338 369
339 369
322 370
323 370
324 370
325 370
326 370
327 370
328 370
329 370
330 370
331 370
332 370
333 370
334 370
335 370
336 370
337 370
338 370
339 370
321 371
322 371
323 371
324 371
325 371
326 371
327 371
328 371
329 371
330 371
331 371
332 371
333 371
334 371
335 371
336 371
337 371
338 371
339 371
321 372
322 372
323 372
324 372
325 372
326 372
327 372
328 372
329 372
330 372
331 372
332 372
333 372
334 372
335 372
336 372
337 372
338 372
339 372
321 373
322 373
323 373
324 373
325 373
326 373
327 373
328 373
329 373
330 373
331 373
332 373
333 373
334 373
335 373
336 373
337 373
338 373
339 373
321 374
322 374
323 374
324 374
325 374
326 374
327 374
328 374
329 374
330 374
331 374
332 374
333 374
334 374
335 374
336 374
337 374
338 374
339 374
320 375
321 375
322 375
323 375
324 375
325 375
326 375
327 375
328 375
329 375
330 375
331 375
332 375
333 375
334 375
335 375
336 375
337 375
338 375
339 375
320 376
321 376
322 376
323 376
324 376
325 376
326 376
327 376
328 376
329 376
330 376
331 376
332 376
333 376
334 376
335 376
336 376
337 376
338 376
339 376
320 377
321 377
322 377
323 377
324 377
325 377
326 377
327 377
328 377
329 377
330 377
331 377
332 377
333 377
334 377
335 377
336 377
337 377
338 377
339 377
320 378
321 378
322 378
323 378
324 378
325 378
326 378
327 378
328 378
329 378
330 378
331 378
332 378
333 378
334 378
335 378
336 378
337 378
338 378
320 379
321 379
322 379
323 379
324 379
325 379
326 379
327 379
328 379
329 379
330 379
331 379
332 379
333 379
334 379
335 379
336 379
337 379
338 379
320 380
321 380
322 380
323 380
324 380
325 380
326 380
327 380
328 380
329 380
330 380
331 380
332 380
333 380
334 380
335 380
336 380
337 380
320 381
321 381
322 381
323 381
324 381
325 381
326 381
327 381
328 381
329 381
330 381
331 381
332 381
333 381
334 381
335 381
336 381
320 382
321 382
322 382
323 382
324 382
325 382
326 382
327 382
328 382
329 382
330 382
331 382
332 382
333 382
334 382
335 382
336 382
320 383
321 383
322 383
323 383
324 383
325 383
326 383
327 383
328 383
329 383
330 383
331 383
332 383
333 383
334 383
335 383
320 384
321 384
322 384
323 384
324 384
325 384
326 384
327 384
328 384
329 384
330 384
331 384
332 384
333 384
320 385
321 385
322 385
323 385
324 385
325 385
326 385
327 385
328 385
329 385
330 385
331 385
332 385
320 386
321 386
322 386
323 386
324 386
325 386
326 386
327 386
328 386
329 386
330 386
331 386
321 387
322 387
323 387
324 387
325 387
326 387
327 387
328 387
329 387
330 387
322 388
323 388
