264 204
265 204
266 204
267 204
268 204
269 204
270 204
262 205
263 205
264 205
265 205
266 205
267 205
268 205
269 205
270 205
271 205
261 206
262 206
263 206
264 206
265 206
266 206
267 206
268 206
269 206
270 206
271 206
272 206
261 207
262 207
263 207
264 207
265 207
266 207
267 207
268 207
269 207
270 207
271 207
272 207
273 207
260 208
261 208
262 208
263 208
264 208
265 208
266 208
267 208
268 208
269 208
270 208
271 208
272 208
273 208
274 208
260 209
261 209
262 209
263 209
264 209
265 209
266 209
267 209
268 209
269 209
270 209
271 209
272 209
273 209
274 209
275 209
260 210
261 210
262 210
263 210
264 210
265 210
266 210
267 210
268 210
269 210
270 210
271 210
272 210
273 210
274 210
275 210
260 211
261 211
262 211
263 211
264 211
265 211
266 211
267 211
268 211
269 211
270 211
271 211
272 211
273 211
274 211
275 211
259 212
260 212
261 212
262 212
263 212
264 212
265 212
266 212
267 212
268 212
269 212
270 212
271 212
272 212
273 212
274 212
275 212
259 213
260 213
261 213
262 213
263 213
264 213
265 213
266 213
267 213
268 213
269 213
270 213
271 213
272 213
273 213
274 213
275 213
259 214
260 214
261 214
262 214
263 214
264 214
265 214
266 214
267 214
268 214
269 214
270 214
271 214
272 214
273 214
274 214
275 214
258 215
259 215
260 215
261 215
262 215
263 215
264 215
265 215
266 215
267 215
268 215
269 215
270 215
271 215
272 215
273 215
274 215
275 215
276 215
257 216
258 216
259 216
260 216
261 216
262 216
263 216
264 216
265 216
266 216
267 216
268 216
269 216
270 216
271 216
272 216
273 216
274 216
275 216
276 216
257 217
258 217
259 217
260 217
261 217
262 217
263 217
264 217
265 217
266 217
267 217
268 217
269 217
270 217
271 217
272 217
273 217
274 217
275 217
276 217
257 218
258 218
259 218
260 218
261 218
262 218
263 218
264 218
265 218
266 218
267 218
268 218
269 218
270 218
271 218
272 218
273 218
274 218
275 218
276 218
256 219
257 219
258 219
259 219
260 219
261 219
262 219
263 219
264 219
265 219
266 219
267 219
268 219
269 219
270 219
271 219
272 219
273 219
274 219
275 219
276 219
277 219
256 220
257 220
258 220
259 220
260 220
261 220
262 220
263 220
264 220
265 220
266 220
267 220
268 220
269 220
270 220
271 220
272 220
273 220
274 220
275 220
276 220
277 220
278 220
256 221
257 221
258 221
259 221
260 221
261 221
262 221
263 221
264 221
265 221
266 221
267 221
268 221
269 221
270 221
271 221
272 221
273 221
274 221
275 221
276 221
277 221
278 221
256 222
257 222
258 222
259 222
260 222
261 222
262 222
263 222
264 222
265 222
266 222
267 222
268 222
269 222
270 222
271 222
272 222
273 222
274 222
275 222
276 222
277 222
278 222
256 223
257 223
258 223
259 223
260 223
261 223
262 223
263 223
264 223
265 223
266 223
267 223
268 223
269 223
270 223
271 223
272 223
273 223
274 223
275 223
276 223
277 223
278 223
256 224
257 224
258 224
259 224
260 224
261 224
262 224
263 224
264 224
265 224
266 224
267 224
268 224
269 224
270 224
271 224
272 224
273 224
274 224
275 224
276 224
277 224
278 224
279 224
256 225
257 225
258 225
259 225
260 225
261 225
262 225
263 225
264 225
265 225
266 225
267 225
268 225
269 225
270 225
271 225
272 225
273 225
274 225
275 225
276 225
277 225
278 225
279 225
256 226
257 226
258 226
259 226
260 226
261 226
262 226
263 226
264 226
265 226
266 226
267 226
268 226
269 226
270 226
271 226
272 226
273 226
274 226
275 226
276 226
277 226
278 226
279 226
256 227
257 227
258 227
259 227
260 227
261 227
262 227
263 227
264 227
265 227
266 227
267 227
268 227
269 227
270 227
271 227
272 227
273 227
274 227
275 227
276 227
277 227
278 227
279 227
256 228
257 228
258 228
259 228
260 228
261 228
262 228
263 228
264 228
265 228
266 228
267 228
268 228
269 228
270 228
271 228
272 228
273 228
274 228
275 228
276 228
277 228
278 228
279 228
256 229
257 229
258 229
259 229
260 229
261 229
262 229
263 229
264 229
265 229
266 229
267 229
268 229
269 229
270 229
271 229
272 229
273 229
274 229
275 229
276 229
277 229
278 229
279 229
256 230
257 230
258 230
259 230
260 230
261 230
262 230
263 230
264 230
265 230
266 230
267 230
268 230
269 230
270 230
271 230
272 230
273 230
274 230
275 230
276 230
277 230
278 230
279 230
256 231
257 231
258 231
259 231
260 231
261 231
262 231
263 231
264 231
265 231
266 231
267 231
268 231
269 231
270 231
271 231
272 231
273 231
274 231
275 231
276 231
277 231
278 231
279 231
256 232
257 232
258 232
259 232
260 232
261 232
262 232
263 232
264 232
265 232
266 232
267 232
268 232
269 232
270 232
271 232
272 232
273 232
274 232
275 232
276 232
277 232
278 232
279 232
256 233
257 233
258 233
259 233
260 233
261 233
262 233
263 233
264 233
265 233
266 233
267 233
268 233
269 233
270 233
271 233
272 233
273 233
274 233
275 233
276 233
277 233
278 233
279 233
256 234
257 234
258 234
259 234
260 234
261 234
262 234
263 234
264 234
265 234
266 234
267 234
268 234
269 234
270 234
271 234
272 234
273 234
274 234
275 234
276 234
277 234
278 234
279 234
256 235
257 235
258 235
259 235
260 235
261 235
262 235
263 235
264 235
265 235
266 235
267 235
268 235
269 235
270 235
271 235
272 235
273 235
274 235
275 235
276 235
277 235
278 235
279 235
256 236
257 236
258 236
259 236
260 236
261 236
262 236
263 236
264 236
265 236
266 236
267 236
268 236
269 236
270 236
271 236
272 236
273 236
274 236
275 236
276 236
277 236
278 236
279 236
256 237
257 237
258 237
259 237
260 237
261 237
262 237
263 237
264 237
265 237
266 237
267 237
268 237
269 237
270 237
271 237
272 237
273 237
274 237
275 237
276 237
277 237
278 237
279 237
256 238
257 238
258 238
259 238
260 238
261 238
262 238
263 238
264 238
265 238
266 238
267 238
268 238
269 238
270 238
271 238
272 238
273 238
274 238
275 238
276 238
277 238
278 238
279 238
257 239
258 239
259 239
260 239
261 239
262 239
263 239
264 239
265 239
266 239
267 239
268 239
269 239
270 239
271 239
272 239
273 239
274 239
275 239
276 239
277 239
278 239
257 240
258 240
259 240
260 240
261 240
262 240
263 240
264 240
265 240
266 240
267 240
268 240
269 240
270 240
271 240
272 240
273 240
274 240
275 240
276 240
277 240
278 240
257 241
258 241
259 241
260 241
261 241
262 241
263 241
264 241
265 241
266 241
267 241
268 241
269 241
270 241
271 241
272 241
273 241
274 241
275 241
276 241
277 241
278 241
257 242
258 242
259 242
260 242
261 242
262 242
263 242
264 242
265 242
266 242
267 242
268 242
269 242
270 242
271 242
272 242
273 242
274 242
275 242
276 242
277 242
278 242
257 243
258 243
259 243
260 243
261 243
262 243
263 243
264 243
265 243
266 243
267 243
268 243
269 243
270 243
271 243
272 243
273 243
274 243
275 243
276 243
277 243
278 243
258 244
259 244
260 244
261 244
262 244
263 244
264 244
265 244
266 244
267 244
268 244
269 244
270 244
271 244
272 244
273 244
274 244
275 244
276 244
277 244
258 245
259 245
260 245
261 245
262 245
263 245
264 245
265 245
266 245
267 245
268 245
269 245
270 245
271 245
272 245
273 245
274 245
275 245
276 245
277 245
258 246
259 246
260 246
261 246
262 246
263 246
264 246
265 246
266 246
267 246
268 246
269 246
270 246
271 246
272 246
273 246
274 246
275 246
276 246
258 247
259 247
260 247
261 247
262 247
263 247
264 247
265 247
266 247
267 247
268 247
269 247
270 247
271 247
272 247
273 247
274 247
275 247
259 248
260 248
261 248
262 248
263 248
264 248
265 248
266 248
267 248
268 248
269 248
270 248
271 248
272 248
273 248
274 248
259 249
260 249
261 249
262 249
263 249
264 249
265 249
266 249
267 249
268 249
269 249
270 249
271 249
272 249
273 249
261 250
262 250
