228 372
229 372
230 372
231 372
232 372
233 372
234 372
235 372
236 372
237 372
238 372
239 372
240 372
241 372
226 373
227 373
228 373
229 373
230 373
231 373
232 373
233 373
234 373
235 373
236 373
237 373
238 373
239 373
240 373
241 373
242 373
225 374
226 374
227 374
228 374
229 374
230 374
231 374
232 374
233 374
234 374
235 374
236 374
237 374
238 374
239 374
240 374
241 374
242 374
243 374
225 375
226 375
227 375
228 375
229 375
230 375
231 375
232 375
233 375
234 375
235 375
236 375
237 375
238 375
239 375
240 375
241 375
242 375
243 375
224 376
225 376
226 376
227 376
228 376
229 376
230 376
231 376
232 376
233 376
234 376
235 376
236 376
237 376
238 376
239 376
240 376
241 376
242 376
243 376
224 377
225 377
226 377
227 377
228 377
229 377
230 377
231 377
232 377
233 377
234 377
235 377
236 377
237 377
238 377
239 377
240 377
241 377
242 377
243 377
224 378
225 378
226 378
227 378
228 378
229 378
230 378
231 378
232 378
233 378
234 378
235 378
236 378
237 378
238 378
239 378
240 378
241 378
242 378
243 378
224 379
225 379
226 379
227 379
228 379
229 379
230 379
231 379
232 379
233 379
234 379
235 379
236 379
237 379
238 379
239 379
240 379
241 379
242 379
243 379
224 380
225 380
226 380
227 380
228 380
229 380
230 380
231 380
232 380
233 380
234 380
235 380
236 380
237 380
238 380
239 380
240 380
241 380
242 380
243 380
224 381
225 381
226 381
227 381
228 381
229 381
230 381
231 381
232 381
233 381
234 381
235 381
236 381
237 381
238 381
239 381
240 381
241 381
242 381
243 381
244 381
224 382
225 382
226 382
227 382
228 382
229 382
230 382
231 382
232 382
233 382
234 382
235 382
236 382
237 382
238 382
239 382
240 382
241 382
242 382
243 382
244 382
224 383
225 383
226 383
227 383
228 383
229 383
230 383
231 383
232 383
233 383
234 383
235 383
236 383
237 383
238 383
239 383
240 383
241 383
242 383
243 383
244 383
224 384
225 384
226 384
227 384
228 384
229 384
230 384
231 384
232 384
233 384
234 384
235 384
236 384
237 384
238 384
239 384
240 384
241 384
242 384
243 384
244 384
224 385
225 385
226 385
227 385
228 385
229 385
230 385
231 385
232 385
233 385
234 385
235 385
236 385
237 385
238 385
239 385
240 385
241 385
242 385
243 385
244 385
224 386
225 386
226 386
227 386
228 386
229 386
230 386
231 386
232 386
233 386
234 386
235 386
236 386
237 386
238 386
239 386
240 386
241 386
242 386
243 386
244 386
224 387
225 387
226 387
227 387
228 387
229 387
230 387
231 387
232 387
233 387
234 387
235 387
236 387
237 387
238 387
239 387
240 387
241 387
242 387
243 387
244 387
224 388
225 388
226 388
227 388
228 388
229 388
230 388
231 388
232 388
233 388
234 388
235 388
236 388
237 388
238 388
239 388
240 388
241 388
242 388
243 388
244 388
224 389
225 389
226 389
227 389
228 389
229 389
230 389
231 389
232 389
233 389
234 389
235 389
236 389
237 389
238 389
239 389
240 389
241 389
242 389
243 389
244 389
224 390
225 390
226 390
227 390
228 390
229 390
230 390
231 390
232 390
233 390
234 390
235 390
236 390
237 390
238 390
239 390
240 390
241 390
242 390
243 390
244 390
224 391
225 391
226 391
227 391
228 391
229 391
230 391
231 391
232 391
233 391
234 391
235 391
236 391
237 391
238 391
239 391
240 391
241 391
242 391
243 391
244 391
224 392
225 392
226 392
227 392
228 392
229 392
230 392
231 392
232 392
233 392
234 392
235 392
236 392
237 392
238 392
239 392
240 392
241 392
242 392
243 392
244 392
224 393
225 393
226 393
227 393
228 393
229 393
230 393
231 393
232 393
233 393
234 393
235 393
236 393
237 393
238 393
239 393
240 393
241 393
242 393
243 393
224 394
225 394
226 394
227 394
228 394
229 394
230 394
231 394
232 394
233 394
234 394
235 394
236 394
237 394
238 394
239 394
240 394
241 394
242 394
243 394
224 395
225 395
226 395
227 395
228 395
229 395
230 395
231 395
232 395
233 395
234 395
235 395
236 395
237 395
238 395
239 395
240 395
241 395
242 395
243 395
224 396
225 396
226 396
227 396
228 396
229 396
230 396
231 396
232 396
233 396
234 396
235 396
236 396
237 396
238 396
239 396
240 396
241 396
242 396
243 396
224 397
225 397
226 397
227 397
228 397
229 397
230 397
231 397
232 397
233 397
234 397
235 397
236 397
237 397
238 397
239 397
240 397
241 397
242 397
243 397
224 398
225 398
226 398
227 398
228 398
229 398
230 398
231 398
232 398
233 398
234 398
235 398
236 398
237 398
238 398
239 398
240 398
241 398
242 398
243 398
224 399
225 399
226 399
227 399
228 399
229 399
230 399
231 399
232 399
233 399
234 399
235 399
236 399
237 399
238 399
239 399
240 399
241 399
242 399
243 399
224 400
225 400
226 400
227 400
228 400
229 400
230 400
231 400
232 400
233 400
234 400
235 400
236 400
237 400
238 400
239 400
240 400
241 400
242 400
224 401
225 401
226 401
227 401
228 401
229 401
230 401
231 401
232 401
233 401
234 401
235 401
236 401
237 401
238 401
239 401
240 401
241 401
242 401
224 402
225 402
226 402
227 402
228 402
229 402
230 402
231 402
232 402
233 402
234 402
235 402
236 402
237 402
238 402
239 402
240 402
241 402
224 403
225 403
226 403
227 403
228 403
229 403
230 403
231 403
232 403
233 403
234 403
235 403
236 403
237 403
238 403
239 403
240 403
224 404
225 404
226 404
227 404
228 404
229 404
230 404
231 404
232 404
233 404
234 404
235 404
236 404
237 404
238 404
239 404
224 405
225 405
226 405
227 405
228 405
229 405
230 405
231 405
232 405
233 405
234 405
235 405
236 405
237 405
238 405
239 405
224 406
225 406
226 406
227 406
228 406
229 406
230 406
231 406
232 406
233 406
234 406
235 406
236 406
237 406
238 406
225 407
226 407
227 407
228 407
229 407
230 407
231 407
232 407
233 407
234 407
235 407
236 407
237 407
226 408
227 408
228 408
229 408
230 408
231 408
232 408
233 408
234 408
235 408
228 409
229 409
230 409
231 409
232 409
233 409
229 410
230 410
231 410
