326 292
327 292
328 292
329 292
330 292
331 292
332 292
333 292
334 292
324 293
325 293
326 293
327 293
328 293
329 293
330 293
331 293
332 293
333 293
334 293
335 293
323 294
324 294
325 294
326 294
327 294
328 294
329 294
330 294
331 294
332 294
333 294
334 294
335 294
322 295
323 295
324 295
325 295
326 295
327 295
328 295
329 295
330 295
331 295
332 295
333 295
334 295
335 295
336 295
321 296
322 296
323 296
324 296
325 296
326 296
327 296
328 296
329 296
330 296
331 296
332 296
333 296
334 296
335 296
336 296
321 297
322 297
323 297
324 297
325 297
326 297
327 297
328 297
329 297
330 297
331 297
332 297
333 297
334 297
335 297
336 297
337 297
320 298
321 298
322 298
323 298
324 298
325 298
326 298
327 298
328 298
329 298
330 298
331 298
332 298
333 298
334 298
335 298
336 298
337 298
320 299
321 299
322 299
323 299
324 299
325 299
326 299
327 299
328 299
329 299
330 299
331 299
332 299
333 299
334 299
335 299
336 299
337 299
320 300
321 300
322 300
323 300
324 300
325 300
326 300
327 300
328 300
329 300
330 300
331 300
332 300
333 300
334 300
335 300
336 300
337 300
320 301
321 301
322 301
323 301
324 301
325 301
326 301
327 301
328 301
329 301
330 301
331 301
332 301
333 301
334 301
335 301
336 301
337 301
320 302
321 302
322 302
323 302
324 302
325 302
326 302
327 302
328 302
329 302
330 302
331 302
332 302
333 302
334 302
335 302
336 302
337 302
320 303
321 303
322 303
323 303
324 303
325 303
326 303
327 303
328 303
329 303
330 303
331 303
332 303
333 303
334 303
335 303
336 303
337 303
320 304
321 304
322 304
323 304
324 304
325 304
326 304
327 304
328 304
329 304
330 304
331 304
332 304
333 304
334 304
335 304
336 304
320 305
321 305
322 305
323 305
324 305
325 305
326 305
327 305
328 305
329 305
330 305
331 305
332 305
333 305
334 305
335 305
336 305
320 306
321 306
322 306
323 306
324 306
325 306
326 306
327 306
328 306
329 306
330 306
331 306
332 306
333 306
334 306
335 306
336 306
320 307
321 307
322 307
323 307
324 307
325 307
326 307
327 307
328 307
329 307
330 307
331 307
332 307
333 307
334 307
335 307
320 308
321 308
322 308
323 308
324 308
325 308
326 308
327 308
328 308
329 308
330 308
331 308
332 308
333 308
334 308
335 308
320 309
321 309
322 309
323 309
324 309
325 309
326 309
327 309
328 309
329 309
330 309
331 309
332 309
333 309
334 309
335 309
320 310
321 310
322 310
323 310
324 310
325 310
326 310
327 310
328 310
329 310
330 310
331 310
332 310
333 310
334 310
335 310
320 311
321 311
322 311
323 311
324 311
325 311
326 311
327 311
328 311
329 311
330 311
331 311
332 311
333 311
334 311
320 312
321 312
322 312
323 312
324 312
325 312
326 312
327 312
328 312
329 312
330 312
331 312
332 312
333 312
320 313
321 313
322 313
323 313
324 313
325 313
326 313
327 313
328 313
329 313
330 313
331 313
332 313
320 314
321 314
322 314
323 314
324 314
325 314
326 314
327 314
328 314
329 314
330 314
331 314
321 315
322 315
323 315
324 315
325 315
326 315
327 315
328 315
329 315
330 315
331 315
321 316
322 316
323 316
324 316
325 316
326 316
327 316
328 316
329 316
330 316
322 317
323 317
324 317
325 317
326 317
327 317
328 317
323 318
324 318
325 318
326 318
327 318
