246 284
247 284
248 284
249 284
250 284
251 284
245 285
246 285
247 285
248 285
249 285
250 285
251 285
252 285
253 285
254 285
244 286
245 286
246 286
247 286
248 286
249 286
250 286
251 286
252 286
253 286
254 286
244 287
245 287
246 287
247 287
248 287
249 287
250 287
251 287
252 287
253 287
254 287
255 287
244 288
245 288
246 288
247 288
248 288
249 288
250 288
251 288
252 288
253 288
254 288
255 288
244 289
245 289
246 289
247 289
248 289
249 289
250 289
251 289
252 289
253 289
254 289
255 289
244 290
245 290
246 290
247 290
248 290
249 290
250 290
251 290
252 290
253 290
254 290
255 290
256 290
244 291
245 291
246 291
247 291
248 291
249 291
250 291
251 291
252 291
253 291
254 291
255 291
256 291
244 292
245 292
246 292
247 292
248 292
249 292
250 292
251 292
252 292
253 292
254 292
255 292
256 292
257 292
258 292
244 293
245 293
246 293
247 293
248 293
249 293
250 293
251 293
252 293
253 293
254 293
255 293
256 293
257 293
258 293
259 293
244 294
245 294
246 294
247 294
248 294
249 294
250 294
251 294
252 294
253 294
254 294
255 294
256 294
257 294
258 294
259 294
244 295
245 295
246 295
247 295
248 295
249 295
250 295
251 295
252 295
253 295
254 295
255 295
256 295
257 295
258 295
259 295
244 296
245 296
246 296
247 296
248 296
249 296
250 296
251 296
252 296
253 296
254 296
255 296
256 296
257 296
258 296
259 296
260 296
244 297
245 297
246 297
247 297
248 297
249 297
250 297
251 297
252 297
253 297
254 297
255 297
256 297
257 297
258 297
259 297
260 297
244 298
245 298
246 298
247 298
248 298
249 298
250 298
251 298
252 298
253 298
254 298
255 298
256 298
257 298
258 298
259 298
260 298
244 299
245 299
246 299
247 299
248 299
249 299
250 299
251 299
252 299
253 299
254 299
255 299
256 299
257 299
258 299
259 299
260 299
244 300
245 300
246 300
247 300
248 300
249 300
250 300
251 300
252 300
253 300
254 300
255 300
256 300
257 300
258 300
259 300
260 300
261 300
244 301
245 301
246 301
247 301
248 301
249 301
250 301
251 301
252 301
253 301
254 301
255 301
256 301
257 301
258 301
259 301
260 301
261 301
244 302
245 302
246 302
247 302
248 302
249 302
250 302
251 302
252 302
253 302
254 302
255 302
256 302
257 302
258 302
259 302
260 302
261 302
244 303
245 303
246 303
247 303
248 303
249 303
250 303
251 303
252 303
253 303
254 303
255 303
256 303
257 303
258 303
259 303
260 303
261 303
244 304
245 304
246 304
247 304
248 304
249 304
250 304
251 304
252 304
253 304
254 304
255 304
256 304
257 304
258 304
259 304
260 304
261 304
244 305
245 305
246 305
247 305
248 305
249 305
250 305
251 305
252 305
253 305
254 305
255 305
256 305
257 305
258 305
259 305
260 305
261 305
244 306
245 306
246 306
247 306
248 306
249 306
250 306
251 306
252 306
253 306
254 306
255 306
256 306
257 306
258 306
259 306
260 306
261 306
244 307
245 307
246 307
247 307
248 307
249 307
250 307
251 307
252 307
253 307
254 307
255 307
256 307
257 307
258 307
259 307
260 307
261 307
244 308
245 308
246 308
247 308
248 308
249 308
250 308
251 308
252 308
253 308
254 308
255 308
256 308
257 308
258 308
259 308
260 308
244 309
245 309
246 309
247 309
248 309
249 309
250 309
251 309
252 309
253 309
254 309
255 309
256 309
257 309
258 309
259 309
260 309
244 310
245 310
246 310
247 310
248 310
249 310
250 310
251 310
252 310
253 310
254 310
255 310
256 310
257 310
258 310
259 310
245 311
246 311
247 311
248 311
249 311
250 311
251 311
252 311
253 311
254 311
255 311
256 311
257 311
258 311
259 311
245 312
246 312
247 312
248 312
249 312
250 312
251 312
252 312
253 312
254 312
255 312
256 312
257 312
258 312
259 312
245 313
246 313
247 313
248 313
249 313
250 313
251 313
252 313
253 313
254 313
255 313
256 313
257 313
258 313
246 314
247 314
248 314
249 314
250 314
251 314
252 314
253 314
254 314
255 314
256 314
257 314
247 315
248 315
249 315
250 315
251 315
252 315
253 315
254 315
255 315
256 315
249 316
250 316
251 316
252 316
253 316
