175 344
176 344
177 344
178 344
179 344
180 344
181 344
182 344
183 344
184 344
185 344
186 344
187 344
188 344
189 344
190 344
191 344
192 344
193 344
173 345
174 345
175 345
176 345
177 345
178 345
179 345
180 345
181 345
182 345
183 345
184 345
185 345
186 345
187 345
188 345
189 345
190 345
191 345
192 345
193 345
194 345
172 346
173 346
174 346
175 346
176 346
177 346
178 346
179 346
180 346
181 346
182 346
183 346
184 346
185 346
186 346
187 346
188 346
189 346
190 346
191 346
192 346
193 346
194 346
195 346
172 347
173 347
174 347
175 347
176 347
177 347
178 347
179 347
180 347
181 347
182 347
183 347
184 347
185 347
186 347
187 347
188 347
189 347
190 347
191 347
192 347
193 347
194 347
195 347
171 348
172 348
173 348
174 348
175 348
176 348
177 348
178 348
179 348
180 348
181 348
182 348
183 348
184 348
185 348
186 348
187 348
188 348
189 348
190 348
191 348
192 348
193 348
194 348
195 348
170 349
171 349
172 349
173 349
174 349
175 349
176 349
177 349
178 349
179 349
180 349
181 349
182 349
183 349
184 349
185 349
186 349
187 349
188 349
189 349
190 349
191 349
192 349
193 349
194 349
169 350
170 350
171 350
172 350
173 350
174 350
175 350
176 350
177 350
178 350
179 350
180 350
181 350
182 350
183 350
184 350
185 350
186 350
187 350
188 350
189 350
190 350
191 350
192 350
193 350
194 350
169 351
170 351
171 351
172 351
173 351
174 351
175 351
176 351
177 351
178 351
179 351
180 351
181 351
182 351
183 351
184 351
185 351
186 351
187 351
188 351
189 351
190 351
191 351
192 351
193 351
194 351
168 352
169 352
170 352
171 352
172 352
173 352
174 352
175 352
176 352
177 352
178 352
179 352
180 352
181 352
182 352
183 352
184 352
185 352
186 352
187 352
188 352
189 352
190 352
191 352
192 352
193 352
194 352
168 353
169 353
170 353
171 353
172 353
173 353
174 353
175 353
176 353
177 353
178 353
179 353
180 353
181 353
182 353
183 353
184 353
185 353
186 353
187 353
188 353
189 353
190 353
191 353
192 353
193 353
168 354
169 354
170 354
171 354
172 354
173 354
174 354
175 354
176 354
177 354
178 354
179 354
180 354
181 354
182 354
183 354
184 354
185 354
186 354
187 354
188 354
189 354
190 354
191 354
192 354
193 354
168 355
169 355
170 355
171 355
172 355
173 355
174 355
175 355
176 355
177 355
178 355
179 355
180 355
181 355
182 355
183 355
184 355
185 355
186 355
187 355
188 355
189 355
190 355
191 355
192 355
168 356
169 356
170 356
171 356
172 356
173 356
174 356
175 356
176 356
177 356
178 356
179 356
180 356
181 356
182 356
183 356
184 356
185 356
186 356
187 356
188 356
189 356
190 356
191 356
192 356
168 357
169 357
170 357
171 357
172 357
173 357
174 357
175 357
176 357
177 357
178 357
179 357
180 357
181 357
182 357
183 357
184 357
185 357
186 357
187 357
188 357
189 357
190 357
191 357
192 357
168 358
169 358
170 358
171 358
172 358
173 358
174 358
175 358
176 358
177 358
178 358
179 358
180 358
181 358
182 358
183 358
184 358
185 358
186 358
187 358
188 358
189 358
190 358
191 358
192 358
168 359
169 359
170 359
171 359
172 359
173 359
174 359
175 359
176 359
177 359
178 359
179 359
180 359
181 359
182 359
183 359
184 359
185 359
186 359
187 359
188 359
189 359
190 359
191 359
192 359
168 360
169 360
170 360
171 360
172 360
173 360
174 360
175 360
176 360
177 360
178 360
179 360
180 360
181 360
182 360
183 360
184 360
185 360
186 360
187 360
188 360
189 360
190 360
191 360
168 361
169 361
170 361
171 361
172 361
173 361
174 361
175 361
176 361
177 361
178 361
179 361
180 361
181 361
182 361
183 361
184 361
185 361
186 361
187 361
188 361
189 361
190 361
191 361
168 362
169 362
170 362
171 362
172 362
173 362
174 362
175 362
176 362
177 362
178 362
179 362
180 362
181 362
182 362
183 362
184 362
185 362
186 362
187 362
188 362
189 362
190 362
191 362
168 363
169 363
170 363
171 363
172 363
173 363
174 363
175 363
176 363
177 363
178 363
179 363
180 363
181 363
182 363
183 363
184 363
185 363
186 363
187 363
188 363
189 363
190 363
191 363
168 364
169 364
170 364
171 364
172 364
173 364
174 364
175 364
176 364
177 364
178 364
179 364
180 364
181 364
182 364
183 364
184 364
185 364
186 364
187 364
188 364
189 364
190 364
191 364
168 365
169 365
170 365
171 365
172 365
173 365
174 365
175 365
176 365
177 365
178 365
179 365
180 365
181 365
182 365
183 365
184 365
185 365
186 365
187 365
188 365
189 365
190 365
191 365
168 366
169 366
170 366
171 366
172 366
173 366
174 366
175 366
176 366
177 366
178 366
179 366
180 366
181 366
182 366
183 366
184 366
185 366
186 366
187 366
188 366
189 366
190 366
191 366
168 367
169 367
170 367
171 367
172 367
173 367
174 367
175 367
176 367
177 367
178 367
179 367
180 367
181 367
182 367
183 367
184 367
185 367
186 367
187 367
188 367
189 367
190 367
191 367
168 368
169 368
170 368
171 368
172 368
173 368
174 368
175 368
176 368
177 368
178 368
179 368
180 368
181 368
182 368
183 368
184 368
185 368
186 368
187 368
188 368
189 368
190 368
191 368
168 369
169 369
170 369
171 369
172 369
173 369
174 369
175 369
176 369
177 369
178 369
179 369
180 369
181 369
182 369
183 369
184 369
185 369
186 369
187 369
188 369
189 369
190 369
191 369
168 370
169 370
170 370
171 370
172 370
173 370
174 370
175 370
176 370
177 370
178 370
179 370
180 370
181 370
182 370
183 370
184 370
185 370
186 370
187 370
188 370
189 370
190 370
191 370
168 371
169 371
170 371
171 371
172 371
173 371
174 371
175 371
176 371
177 371
178 371
179 371
180 371
181 371
182 371
183 371
184 371
185 371
186 371
187 371
188 371
189 371
190 371
191 371
168 372
169 372
170 372
171 372
172 372
173 372
174 372
175 372
176 372
177 372
178 372
179 372
180 372
181 372
182 372
183 372
184 372
185 372
186 372
187 372
188 372
189 372
190 372
191 372
168 373
169 373
170 373
171 373
172 373
173 373
174 373
175 373
176 373
177 373
178 373
179 373
180 373
181 373
182 373
183 373
184 373
185 373
186 373
187 373
188 373
189 373
190 373
191 373
168 374
169 374
170 374
171 374
172 374
173 374
174 374
175 374
176 374
177 374
178 374
179 374
180 374
181 374
182 374
183 374
184 374
185 374
186 374
187 374
188 374
189 374
190 374
191 374
168 375
169 375
170 375
171 375
172 375
173 375
174 375
175 375
176 375
177 375
178 375
179 375
180 375
181 375
182 375
183 375
184 375
185 375
186 375
187 375
188 375
189 375
190 375
168 376
169 376
170 376
171 376
172 376
173 376
174 376
175 376
176 376
177 376
178 376
179 376
180 376
181 376
182 376
183 376
184 376
185 376
186 376
187 376
188 376
189 376
190 376
168 377
169 377
170 377
171 377
172 377
173 377
174 377
175 377
176 377
177 377
178 377
179 377
180 377
181 377
182 377
183 377
184 377
185 377
186 377
187 377
188 377
189 377
168 378
169 378
170 378
171 378
172 378
173 378
174 378
175 378
176 378
177 378
178 378
179 378
180 378
181 378
182 378
183 378
184 378
185 378
186 378
187 378
188 378
168 379
169 379
170 379
171 379
172 379
173 379
174 379
175 379
176 379
177 379
178 379
179 379
180 379
181 379
182 379
183 379
184 379
185 379
186 379
187 379
188 379
168 380
169 380
170 380
171 380
172 380
173 380
174 380
175 380
176 380
177 380
178 380
179 380
180 380
181 380
182 380
183 380
184 380
185 380
186 380
187 380
168 381
169 381
170 381
171 381
172 381
173 381
174 381
175 381
176 381
177 381
178 381
179 381
180 381
181 381
182 381
183 381
184 381
185 381
186 381
187 381
168 382
169 382
170 382
171 382
172 382
173 382
174 382
175 382
176 382
177 382
178 382
179 382
180 382
181 382
182 382
183 382
184 382
185 382
186 382
187 382
168 383
169 383
170 383
171 383
172 383
173 383
174 383
175 383
176 383
177 383
178 383
179 383
180 383
181 383
182 383
183 383
184 383
185 383
186 383
168 384
169 384
170 384
171 384
172 384
173 384
174 384
175 384
176 384
177 384
178 384
179 384
180 384
181 384
182 384
183 384
184 384
185 384
168 385
169 385
170 385
171 385
172 385
173 385
174 385
175 385
176 385
177 385
178 385
179 385
180 385
181 385
182 385
183 385
184 385
168 386
169 386
170 386
171 386
172 386
173 386
174 386
175 386
176 386
177 386
178 386
179 386
180 386
181 386
182 386
183 386
184 386
168 387
169 387
170 387
171 387
172 387
173 387
174 387
175 387
176 387
177 387
178 387
179 387
180 387
181 387
182 387
183 387
169 388
170 388
171 388
172 388
173 388
174 388
175 388
176 388
177 388
178 388
179 388
180 388
181 388
182 388
183 388
170 389
171 389
172 389
173 389
174 389
175 389
176 389
177 389
178 389
179 389
180 389
181 389
182 389
171 390
172 390
173 390
174 390
175 390
176 390
177 390
178 390
179 390
180 390
181 390
182 390
172 391
173 391
174 391
175 391
176 391
177 391
178 391
179 391
180 391
