200 332
201 332
202 332
203 332
204 332
205 332
206 332
207 332
208 332
209 332
210 332
199 333
200 333
201 333
202 333
203 333
204 333
205 333
206 333
207 333
208 333
209 333
210 333
211 333
198 334
199 334
200 334
201 334
202 334
203 334
204 334
205 334
206 334
207 334
208 334
209 334
210 334
211 334
197 335
198 335
199 335
200 335
201 335
202 335
203 335
204 335
205 335
206 335
207 335
208 335
209 335
210 335
211 335
197 336
198 336
199 336
200 336
201 336
202 336
203 336
204 336
205 336
206 336
207 336
208 336
209 336
210 336
211 336
212 336
197 337
198 337
199 337
200 337
201 337
202 337
203 337
204 337
205 337
206 337
207 337
208 337
209 337
210 337
211 337
212 337
213 337
196 338
197 338
198 338
199 338
200 338
201 338
202 338
203 338
204 338
205 338
206 338
207 338
208 338
209 338
210 338
211 338
212 338
213 338
196 339
197 339
198 339
199 339
200 339
201 339
202 339
203 339
204 339
205 339
206 339
207 339
208 339
209 339
210 339
211 339
212 339
213 339
214 339
196 340
197 340
198 340
199 340
200 340
201 340
202 340
203 340
204 340
205 340
206 340
207 340
208 340
209 340
210 340
211 340
212 340
213 340
214 340
215 340
196 341
197 341
198 341
199 341
200 341
201 341
202 341
203 341
204 341
205 341
206 341
207 341
208 341
209 341
210 341
211 341
212 341
213 341
214 341
215 341
196 342
197 342
198 342
199 342
200 342
201 342
202 342
203 342
204 342
205 342
206 342
207 342
208 342
209 342
210 342
211 342
212 342
213 342
214 342
215 342
196 343
197 343
198 343
199 343
200 343
201 343
202 343
203 343
204 343
205 343
206 343
207 343
208 343
209 343
210 343
211 343
212 343
213 343
214 343
215 343
196 344
197 344
198 344
199 344
200 344
201 344
202 344
203 344
204 344
205 344
206 344
207 344
208 344
209 344
210 344
211 344
212 344
213 344
214 344
215 344
196 345
197 345
198 345
199 345
200 345
201 345
202 345
203 345
204 345
205 345
206 345
207 345
208 345
209 345
210 345
211 345
212 345
213 345
214 345
215 345
196 346
197 346
198 346
199 346
200 346
201 346
202 346
203 346
204 346
205 346
206 346
207 346
208 346
209 346
210 346
211 346
212 346
213 346
214 346
215 346
216 346
196 347
197 347
198 347
199 347
200 347
201 347
202 347
203 347
204 347
205 347
206 347
207 347
208 347
209 347
210 347
211 347
212 347
213 347
214 347
215 347
216 347
217 347
196 348
197 348
198 348
199 348
200 348
201 348
202 348
203 348
204 348
205 348
206 348
207 348
208 348
209 348
210 348
211 348
212 348
213 348
214 348
215 348
216 348
217 348
218 348
196 349
197 349
198 349
199 349
200 349
201 349
202 349
203 349
204 349
205 349
206 349
207 349
208 349
209 349
210 349
211 349
212 349
213 349
214 349
215 349
216 349
217 349
218 349
196 350
197 350
198 350
199 350
200 350
201 350
202 350
203 350
204 350
205 350
206 350
207 350
208 350
209 350
210 350
211 350
212 350
213 350
214 350
215 350
216 350
217 350
218 350
219 350
196 351
197 351
198 351
199 351
200 351
201 351
202 351
203 351
204 351
205 351
206 351
207 351
208 351
209 351
210 351
211 351
212 351
213 351
214 351
215 351
216 351
217 351
218 351
219 351
196 352
197 352
198 352
199 352
200 352
201 352
202 352
203 352
204 352
205 352
206 352
207 352
208 352
209 352
210 352
211 352
212 352
213 352
214 352
215 352
216 352
217 352
218 352
219 352
196 353
197 353
198 353
199 353
200 353
201 353
202 353
203 353
204 353
205 353
206 353
207 353
208 353
209 353
210 353
211 353
212 353
213 353
214 353
215 353
216 353
217 353
218 353
219 353
196 354
197 354
198 354
199 354
200 354
201 354
202 354
203 354
204 354
205 354
206 354
207 354
208 354
209 354
210 354
211 354
212 354
213 354
214 354
215 354
216 354
217 354
218 354
219 354
196 355
197 355
198 355
199 355
200 355
201 355
202 355
203 355
204 355
205 355
206 355
207 355
208 355
209 355
210 355
211 355
212 355
213 355
214 355
215 355
216 355
217 355
218 355
219 355
196 356
197 356
198 356
199 356
200 356
201 356
202 356
203 356
204 356
205 356
206 356
207 356
208 356
209 356
210 356
211 356
212 356
213 356
214 356
215 356
216 356
217 356
218 356
219 356
196 357
197 357
198 357
199 357
200 357
201 357
202 357
203 357
204 357
205 357
206 357
207 357
208 357
209 357
210 357
211 357
212 357
213 357
214 357
215 357
216 357
217 357
218 357
219 357
196 358
197 358
198 358
199 358
200 358
201 358
202 358
203 358
204 358
205 358
206 358
207 358
208 358
209 358
210 358
211 358
212 358
213 358
214 358
215 358
216 358
217 358
218 358
219 358
196 359
197 359
198 359
199 359
200 359
201 359
202 359
203 359
204 359
205 359
206 359
207 359
208 359
209 359
210 359
211 359
212 359
213 359
214 359
215 359
216 359
217 359
218 359
219 359
196 360
197 360
198 360
199 360
200 360
201 360
202 360
203 360
204 360
205 360
206 360
207 360
208 360
209 360
210 360
211 360
212 360
213 360
214 360
215 360
216 360
217 360
218 360
219 360
196 361
197 361
198 361
199 361
200 361
201 361
202 361
203 361
204 361
205 361
206 361
207 361
208 361
209 361
210 361
211 361
212 361
213 361
214 361
215 361
216 361
217 361
218 361
219 361
196 362
197 362
198 362
199 362
200 362
201 362
202 362
203 362
204 362
205 362
206 362
207 362
208 362
209 362
210 362
211 362
212 362
213 362
214 362
215 362
216 362
217 362
218 362
219 362
196 363
197 363
198 363
199 363
200 363
201 363
202 363
203 363
204 363
205 363
206 363
207 363
208 363
209 363
210 363
211 363
212 363
213 363
214 363
215 363
216 363
217 363
218 363
219 363
196 364
197 364
198 364
199 364
200 364
201 364
202 364
203 364
204 364
205 364
206 364
207 364
208 364
209 364
210 364
211 364
212 364
213 364
214 364
215 364
216 364
217 364
218 364
219 364
196 365
197 365
198 365
199 365
200 365
201 365
202 365
203 365
204 365
205 365
206 365
207 365
208 365
209 365
210 365
211 365
212 365
213 365
214 365
215 365
216 365
217 365
218 365
219 365
196 366
197 366
198 366
199 366
200 366
201 366
202 366
203 366
204 366
205 366
206 366
207 366
208 366
209 366
210 366
211 366
212 366
213 366
214 366
215 366
216 366
217 366
218 366
219 366
196 367
197 367
198 367
199 367
200 367
201 367
202 367
203 367
204 367
205 367
206 367
207 367
208 367
209 367
210 367
211 367
212 367
213 367
214 367
215 367
216 367
217 367
218 367
219 367
196 368
197 368
198 368
199 368
200 368
201 368
202 368
203 368
204 368
205 368
206 368
207 368
208 368
209 368
210 368
211 368
212 368
213 368
214 368
215 368
216 368
217 368
218 368
219 368
196 369
197 369
198 369
199 369
200 369
201 369
202 369
203 369
204 369
205 369
206 369
207 369
208 369
209 369
210 369
211 369
212 369
213 369
214 369
215 369
216 369
217 369
218 369
219 369
196 370
197 370
198 370
199 370
200 370
201 370
202 370
203 370
204 370
205 370
206 370
207 370
208 370
209 370
210 370
211 370
212 370
213 370
214 370
215 370
216 370
217 370
218 370
219 370
196 371
197 371
198 371
199 371
200 371
201 371
202 371
203 371
204 371
205 371
206 371
207 371
208 371
209 371
210 371
211 371
212 371
213 371
214 371
215 371
216 371
217 371
218 371
197 372
198 372
199 372
200 372
201 372
202 372
203 372
204 372
205 372
206 372
207 372
208 372
209 372
210 372
211 372
212 372
213 372
214 372
215 372
216 372
217 372
218 372
197 373
198 373
199 373
200 373
201 373
202 373
203 373
204 373
205 373
206 373
207 373
208 373
209 373
210 373
211 373
212 373
213 373
214 373
215 373
216 373
217 373
198 374
199 374
200 374
201 374
202 374
203 374
204 374
205 374
206 374
207 374
208 374
209 374
210 374
211 374
212 374
213 374
214 374
215 374
216 374
199 375
200 375
201 375
202 375
203 375
204 375
205 375
206 375
207 375
208 375
209 375
210 375
211 375
212 375
213 375
214 375
215 375
200 376
201 376
202 376
203 376
204 376
205 376
206 376
207 376
208 376
209 376
210 376
211 376
212 376
213 376
214 376
201 377
202 377
203 377
204 377
205 377
206 377
207 377
208 377
209 377
210 377
211 377
212 377
213 377
202 378
203 378
204 378
205 378
206 378
207 378
208 378
209 378
210 378
211 378
212 378
204 379
205 379
206 379
207 379
208 379
209 379
210 379
211 379
