308 432
309 432
310 432
311 432
312 432
313 432
314 432
315 432
316 432
317 432
318 432
319 432
320 432
321 432
322 432
305 433
306 433
307 433
308 433
309 433
310 433
311 433
312 433
313 433
314 433
315 433
316 433
317 433
318 433
319 433
320 433
321 433
322 433
323 433
305 434
306 434
307 434
308 434
309 434
310 434
311 434
312 434
313 434
314 434
315 434
316 434
317 434
318 434
319 434
320 434
321 434
322 434
323 434
324 434
305 435
306 435
307 435
308 435
309 435
310 435
311 435
312 435
313 435
314 435
315 435
316 435
317 435
318 435
319 435
320 435
321 435
322 435
323 435
324 435
304 436
305 436
306 436
307 436
308 436
309 436
310 436
311 436
312 436
313 436
314 436
315 436
316 436
317 436
318 436
319 436
320 436
321 436
322 436
323 436
324 436
325 436
326 436
304 437
305 437
306 437
307 437
308 437
309 437
310 437
311 437
312 437
313 437
314 437
315 437
316 437
317 437
318 437
319 437
320 437
321 437
322 437
323 437
324 437
325 437
326 437
327 437
304 438
305 438
306 438
307 438
308 438
309 438
310 438
311 438
312 438
313 438
314 438
315 438
316 438
317 438
318 438
319 438
320 438
321 438
322 438
323 438
324 438
325 438
326 438
327 438
304 439
305 439
306 439
307 439
308 439
309 439
310 439
311 439
312 439
313 439
314 439
315 439
316 439
317 439
318 439
319 439
320 439
321 439
322 439
323 439
324 439
325 439
326 439
327 439
304 440
305 440
306 440
307 440
308 440
309 440
310 440
311 440
312 440
313 440
314 440
315 440
316 440
317 440
318 440
319 440
320 440
321 440
322 440
323 440
324 440
325 440
326 440
327 440
304 441
305 441
306 441
307 441
308 441
309 441
310 441
311 441
312 441
313 441
314 441
315 441
316 441
317 441
318 441
319 441
320 441
321 441
322 441
323 441
324 441
325 441
326 441
327 441
304 442
305 442
306 442
307 442
308 442
309 442
310 442
311 442
312 442
313 442
314 442
315 442
316 442
317 442
318 442
319 442
320 442
321 442
322 442
323 442
324 442
325 442
326 442
327 442
328 442
304 443
305 443
306 443
307 443
308 443
309 443
310 443
311 443
312 443
313 443
314 443
315 443
316 443
317 443
318 443
319 443
320 443
321 443
322 443
323 443
324 443
325 443
326 443
327 443
328 443
304 444
305 444
306 444
307 444
308 444
309 444
310 444
311 444
312 444
313 444
314 444
315 444
316 444
317 444
318 444
319 444
320 444
321 444
322 444
323 444
324 444
325 444
326 444
327 444
328 444
329 444
304 445
305 445
306 445
307 445
308 445
309 445
310 445
311 445
312 445
313 445
314 445
315 445
316 445
317 445
318 445
319 445
320 445
321 445
322 445
323 445
324 445
325 445
326 445
327 445
328 445
329 445
330 445
304 446
305 446
306 446
307 446
308 446
309 446
310 446
311 446
312 446
313 446
314 446
315 446
316 446
317 446
318 446
319 446
320 446
321 446
322 446
323 446
324 446
325 446
326 446
327 446
328 446
329 446
330 446
331 446
304 447
305 447
306 447
307 447
308 447
309 447
310 447
311 447
312 447
313 447
314 447
315 447
316 447
317 447
318 447
319 447
320 447
321 447
322 447
323 447
324 447
325 447
326 447
327 447
328 447
329 447
330 447
331 447
303 448
304 448
305 448
306 448
307 448
308 448
309 448
310 448
311 448
312 448
313 448
314 448
315 448
316 448
317 448
318 448
319 448
320 448
321 448
322 448
323 448
324 448
325 448
326 448
327 448
328 448
329 448
330 448
331 448
303 449
304 449
305 449
306 449
307 449
308 449
309 449
310 449
311 449
312 449
313 449
314 449
315 449
316 449
317 449
318 449
319 449
320 449
321 449
322 449
323 449
324 449
325 449
326 449
327 449
328 449
329 449
330 449
331 449
303 450
304 450
305 450
306 450
307 450
308 450
309 450
310 450
311 450
312 450
313 450
314 450
315 450
316 450
317 450
318 450
319 450
320 450
321 450
322 450
323 450
324 450
325 450
326 450
327 450
328 450
329 450
330 450
331 450
302 451
303 451
304 451
305 451
306 451
307 451
308 451
309 451
310 451
311 451
312 451
313 451
314 451
315 451
316 451
317 451
318 451
319 451
320 451
321 451
322 451
323 451
324 451
325 451
326 451
327 451
328 451
329 451
330 451
331 451
301 452
302 452
303 452
304 452
305 452
306 452
307 452
308 452
309 452
310 452
311 452
312 452
313 452
314 452
315 452
316 452
317 452
318 452
319 452
320 452
321 452
322 452
323 452
324 452
325 452
326 452
327 452
328 452
329 452
330 452
331 452
300 453
301 453
302 453
303 453
304 453
305 453
306 453
307 453
308 453
309 453
310 453
311 453
312 453
313 453
314 453
315 453
316 453
317 453
318 453
319 453
320 453
321 453
322 453
323 453
324 453
325 453
326 453
327 453
328 453
329 453
330 453
331 453
300 454
301 454
302 454
303 454
304 454
305 454
306 454
307 454
308 454
309 454
310 454
311 454
312 454
313 454
314 454
315 454
316 454
317 454
318 454
319 454
320 454
321 454
322 454
323 454
324 454
325 454
326 454
327 454
328 454
329 454
330 454
331 454
300 455
301 455
302 455
303 455
304 455
305 455
306 455
307 455
308 455
309 455
310 455
311 455
312 455
313 455
314 455
315 455
316 455
317 455
318 455
319 455
320 455
321 455
322 455
323 455
324 455
325 455
326 455
327 455
328 455
329 455
330 455
331 455
300 456
301 456
302 456
303 456
304 456
305 456
306 456
307 456
308 456
309 456
310 456
311 456
312 456
313 456
314 456
315 456
316 456
317 456
318 456
319 456
320 456
321 456
322 456
323 456
324 456
325 456
326 456
327 456
328 456
329 456
330 456
331 456
300 457
301 457
302 457
303 457
304 457
305 457
306 457
307 457
308 457
309 457
310 457
311 457
312 457
313 457
314 457
315 457
316 457
317 457
318 457
319 457
320 457
321 457
322 457
323 457
324 457
325 457
326 457
327 457
328 457
329 457
330 457
331 457
300 458
301 458
302 458
303 458
304 458
305 458
306 458
307 458
308 458
309 458
310 458
311 458
312 458
313 458
314 458
315 458
316 458
317 458
318 458
319 458
320 458
321 458
322 458
323 458
324 458
325 458
326 458
327 458
328 458
329 458
330 458
331 458
300 459
301 459
302 459
303 459
304 459
305 459
306 459
307 459
308 459
309 459
310 459
311 459
312 459
313 459
314 459
315 459
316 459
317 459
318 459
319 459
320 459
321 459
322 459
323 459
324 459
325 459
326 459
327 459
328 459
329 459
330 459
331 459
300 460
301 460
302 460
303 460
304 460
305 460
306 460
307 460
308 460
309 460
310 460
311 460
312 460
313 460
314 460
315 460
316 460
317 460
318 460
319 460
320 460
321 460
322 460
323 460
324 460
325 460
326 460
327 460
328 460
329 460
330 460
331 460
300 461
301 461
302 461
303 461
304 461
305 461
306 461
307 461
308 461
309 461
310 461
311 461
312 461
313 461
314 461
315 461
316 461
317 461
318 461
319 461
320 461
321 461
322 461
323 461
324 461
325 461
326 461
327 461
328 461
329 461
330 461
331 461
300 462
301 462
302 462
303 462
304 462
305 462
306 462
307 462
308 462
309 462
310 462
311 462
312 462
313 462
314 462
315 462
316 462
317 462
318 462
319 462
320 462
321 462
322 462
323 462
324 462
325 462
326 462
327 462
328 462
329 462
330 462
331 462
300 463
301 463
302 463
303 463
304 463
305 463
306 463
307 463
308 463
309 463
310 463
311 463
312 463
313 463
314 463
315 463
316 463
317 463
318 463
319 463
320 463
321 463
322 463
323 463
324 463
325 463
326 463
327 463
328 463
329 463
330 463
331 463
300 464
301 464
302 464
303 464
304 464
305 464
306 464
307 464
308 464
309 464
310 464
311 464
312 464
313 464
314 464
315 464
316 464
317 464
318 464
319 464
320 464
321 464
322 464
323 464
324 464
325 464
326 464
327 464
328 464
329 464
330 464
331 464
300 465
301 465
302 465
303 465
304 465
305 465
306 465
307 465
308 465
309 465
310 465
311 465
312 465
313 465
314 465
315 465
316 465
317 465
318 465
319 465
320 465
321 465
322 465
323 465
324 465
325 465
326 465
327 465
328 465
329 465
330 465
331 465
300 466
301 466
302 466
303 466
304 466
305 466
306 466
307 466
308 466
309 466
310 466
311 466
312 466
313 466
314 466
315 466
316 466
317 466
318 466
319 466
320 466
321 466
322 466
323 466
324 466
325 466
326 466
327 466
328 466
329 466
330 466
331 466
300 467
301 467
302 467
303 467
304 467
305 467
306 467
307 467
308 467
309 467
310 467
311 467
312 467
313 467
314 467
315 467
316 467
317 467
318 467
319 467
320 467
321 467
322 467
323 467
324 467
325 467
326 467
327 467
328 467
329 467
330 467
331 467
300 468
301 468
302 468
303 468
304 468
305 468
306 468
307 468
308 468
309 468
310 468
311 468
312 468
313 468
314 468
315 468
316 468
317 468
318 468
319 468
320 468
321 468
322 468
323 468
324 468
325 468
326 468
327 468
328 468
329 468
330 468
331 468
300 469
301 469
302 469
303 469
304 469
305 469
306 469
307 469
308 469
309 469
310 469
311 469
312 469
313 469
314 469
315 469
316 469
317 469
318 469
319 469
320 469
321 469
322 469
323 469
324 469
325 469
326 469
327 469
328 469
329 469
330 469
331 469
300 470
301 470
302 470
303 470
304 470
305 470
306 470
307 470
308 470
309 470
310 470
311 470
312 470
313 470
314 470
315 470
316 470
317 470
318 470
319 470
320 470
321 470
322 470
323 470
324 470
325 470
326 470
327 470
328 470
329 470
330 470
331 470
300 471
301 471
302 471
303 471
304 471
305 471
306 471
307 471
308 471
309 471
310 471
311 471
312 471
313 471
314 471
315 471
316 471
317 471
318 471
319 471
320 471
321 471
322 471
323 471
324 471
325 471
326 471
327 471
328 471
329 471
330 471
331 471
300 472
301 472
302 472
303 472
304 472
305 472
306 472
307 472
308 472
309 472
310 472
311 472
312 472
313 472
314 472
315 472
316 472
317 472
318 472
319 472
320 472
321 472
322 472
323 472
324 472
325 472
326 472
327 472
328 472
329 472
330 472
331 472
300 473
301 473
302 473
303 473
304 473
305 473
306 473
307 473
308 473
309 473
310 473
311 473
312 473
313 473
314 473
315 473
316 473
317 473
318 473
319 473
320 473
321 473
322 473
323 473
324 473
325 473
326 473
327 473
328 473
329 473
330 473
331 473
301 474
302 474
303 474
304 474
305 474
306 474
307 474
308 474
309 474
310 474
311 474
312 474
313 474
314 474
315 474
316 474
317 474
318 474
319 474
320 474
321 474
322 474
323 474
324 474
325 474
326 474
327 474
328 474
329 474
330 474
331 474
302 475
303 475
304 475
305 475
306 475
307 475
308 475
309 475
310 475
311 475
312 475
313 475
314 475
315 475
316 475
317 475
318 475
319 475
320 475
321 475
322 475
323 475
324 475
325 475
326 475
327 475
328 475
329 475
330 475
331 475
303 476
304 476
305 476
306 476
307 476
308 476
309 476
310 476
311 476
312 476
313 476
314 476
315 476
316 476
317 476
318 476
319 476
320 476
321 476
322 476
323 476
324 476
325 476
326 476
327 476
328 476
329 476
330 476
331 476
304 477
305 477
306 477
307 477
308 477
309 477
310 477
311 477
312 477
313 477
314 477
315 477
316 477
317 477
318 477
319 477
320 477
321 477
322 477
323 477
324 477
325 477
326 477
327 477
328 477
329 477
330 477
331 477
304 478
305 478
306 478
307 478
308 478
309 478
310 478
311 478
312 478
313 478
314 478
315 478
316 478
317 478
318 478
319 478
320 478
321 478
322 478
323 478
324 478
325 478
326 478
327 478
328 478
329 478
330 478
304 479
305 479
306 479
307 479
308 479
309 479
310 479
311 479
312 479
313 479
314 479
315 479
316 479
317 479
318 479
319 479
320 479
321 479
322 479
323 479
324 479
325 479
326 479
327 479
328 479
329 479
330 479
305 480
306 480
307 480
308 480
309 480
310 480
311 480
312 480
313 480
314 480
315 480
316 480
317 480
318 480
319 480
320 480
321 480
322 480
323 480
324 480
325 480
326 480
327 480
328 480
329 480
306 481
307 481
308 481
309 481
310 481
311 481
312 481
313 481
314 481
315 481
316 481
317 481
318 481
319 481
320 481
321 481
322 481
323 481
324 481
325 481
326 481
327 481
328 481
307 482
308 482
309 482
310 482
311 482
312 482
313 482
314 482
315 482
316 482
317 482
318 482
319 482
320 482
321 482
322 482
323 482
324 482
325 482
326 482
327 482
328 482
308 483
309 483
310 483
311 483
312 483
313 483
314 483
315 483
316 483
317 483
318 483
319 483
320 483
321 483
322 483
323 483
324 483
325 483
326 483
327 483
310 484
311 484
312 484
313 484
314 484
315 484
316 484
317 484
318 484
319 484
320 484
321 484
322 484
323 484
324 484
325 484
326 484
312 485
313 485
314 485
315 485
316 485
317 485
318 485
319 485
320 485
321 485
322 485
323 485
324 485
325 485
313 486
314 486
315 486
316 486
317 486
318 486
319 486
320 486
321 486
322 486
323 486
324 486
316 487
317 487
318 487
319 487
320 487
321 487
322 487
