268 328
269 328
270 328
271 328
272 328
273 328
274 328
266 329
267 329
268 329
269 329
270 329
271 329
272 329
273 329
274 329
275 329
265 330
266 330
267 330
268 330
269 330
270 330
271 330
272 330
273 330
274 330
275 330
276 330
265 331
266 331
267 331
268 331
269 331
270 331
271 331
272 331
273 331
274 331
275 331
276 331
264 332
265 332
266 332
267 332
268 332
269 332
270 332
271 332
272 332
273 332
274 332
275 332
276 332
277 332
264 333
265 333
266 333
267 333
268 333
269 333
270 333
271 333
272 333
273 333
274 333
275 333
276 333
277 333
278 333
264 334
265 334
266 334
267 334
268 334
269 334
270 334
271 334
272 334
273 334
274 334
275 334
276 334
277 334
278 334
264 335
265 335
266 335
267 335
268 335
269 335
270 335
271 335
272 335
273 335
274 335
275 335
276 335
277 335
278 335
279 335
264 336
265 336
266 336
267 336
268 336
269 336
270 336
271 336
272 336
273 336
274 336
275 336
276 336
277 336
278 336
279 336
264 337
265 337
266 337
267 337
268 337
269 337
270 337
271 337
272 337
273 337
274 337
275 337
276 337
277 337
278 337
279 337
264 338
265 338
266 338
267 338
268 338
269 338
270 338
271 338
272 338
273 338
274 338
275 338
276 338
277 338
278 338
279 338
264 339
265 339
266 339
267 339
268 339
269 339
270 339
271 339
272 339
273 339
274 339
275 339
276 339
277 339
278 339
279 339
264 340
265 340
266 340
267 340
268 340
269 340
270 340
271 340
272 340
273 340
274 340
275 340
276 340
277 340
278 340
279 340
264 341
265 341
266 341
267 341
268 341
269 341
270 341
271 341
272 341
273 341
274 341
275 341
276 341
277 341
278 341
279 341
264 342
265 342
266 342
267 342
268 342
269 342
270 342
271 342
272 342
273 342
274 342
275 342
276 342
277 342
278 342
279 342
264 343
265 343
266 343
267 343
268 343
269 343
270 343
271 343
272 343
273 343
274 343
275 343
276 343
277 343
278 343
279 343
264 344
265 344
266 344
267 344
268 344
269 344
270 344
271 344
272 344
273 344
274 344
275 344
276 344
277 344
278 344
279 344
264 345
265 345
266 345
267 345
268 345
269 345
270 345
271 345
272 345
273 345
274 345
275 345
276 345
277 345
278 345
279 345
264 346
265 346
266 346
267 346
268 346
269 346
270 346
271 346
272 346
273 346
274 346
275 346
276 346
277 346
278 346
264 347
265 347
266 347
267 347
268 347
269 347
270 347
271 347
272 347
273 347
274 347
275 347
276 347
277 347
278 347
264 348
265 348
266 348
267 348
268 348
269 348
270 348
271 348
272 348
273 348
274 348
275 348
276 348
277 348
278 348
264 349
265 349
266 349
267 349
268 349
269 349
270 349
271 349
272 349
273 349
274 349
275 349
276 349
277 349
264 350
265 350
266 350
267 350
268 350
269 350
270 350
271 350
272 350
273 350
274 350
275 350
276 350
264 351
265 351
266 351
267 351
268 351
269 351
270 351
271 351
272 351
273 351
274 351
275 351
264 352
265 352
266 352
267 352
268 352
269 352
270 352
271 352
272 352
273 352
274 352
275 352
264 353
265 353
266 353
267 353
268 353
269 353
270 353
271 353
272 353
273 353
274 353
264 354
265 354
266 354
267 354
268 354
269 354
270 354
271 354
272 354
273 354
265 355
266 355
267 355
268 355
269 355
270 355
271 355
265 356
266 356
267 356
268 356
269 356
270 356
265 357
266 357
267 357
268 357
