177 300
178 300
179 300
180 300
181 300
182 300
183 300
184 300
185 300
186 300
187 300
188 300
189 300
190 300
191 300
175 301
176 301
177 301
178 301
179 301
180 301
181 301
182 301
183 301
184 301
185 301
186 301
187 301
188 301
189 301
190 301
191 301
192 301
193 301
174 302
175 302
176 302
177 302
178 302
179 302
180 302
181 302
182 302
183 302
184 302
185 302
186 302
187 302
188 302
189 302
190 302
191 302
192 302
193 302
194 302
173 303
174 303
175 303
176 303
177 303
178 303
179 303
180 303
181 303
182 303
183 303
184 303
185 303
186 303
187 303
188 303
189 303
190 303
191 303
192 303
193 303
194 303
173 304
174 304
175 304
176 304
177 304
178 304
179 304
180 304
181 304
182 304
183 304
184 304
185 304
186 304
187 304
188 304
189 304
190 304
191 304
192 304
193 304
194 304
195 304
172 305
173 305
174 305
175 305
176 305
177 305
178 305
179 305
180 305
181 305
182 305
183 305
184 305
185 305
186 305
187 305
188 305
189 305
190 305
191 305
192 305
193 305
194 305
195 305
172 306
173 306
174 306
175 306
176 306
177 306
178 306
179 306
180 306
181 306
182 306
183 306
184 306
185 306
186 306
187 306
188 306
189 306
190 306
191 306
192 306
193 306
194 306
195 306
172 307
173 307
174 307
175 307
176 307
177 307
178 307
179 307
180 307
181 307
182 307
183 307
184 307
185 307
186 307
187 307
188 307
189 307
190 307
191 307
192 307
193 307
194 307
195 307
172 308
173 308
174 308
175 308
176 308
177 308
178 308
179 308
180 308
181 308
182 308
183 308
184 308
185 308
186 308
187 308
188 308
189 308
190 308
191 308
192 308
193 308
194 308
195 308
172 309
173 309
174 309
175 309
176 309
177 309
178 309
179 309
180 309
181 309
182 309
183 309
184 309
185 309
186 309
187 309
188 309
189 309
190 309
191 309
192 309
193 309
194 309
195 309
172 310
173 310
174 310
175 310
176 310
177 310
178 310
179 310
180 310
181 310
182 310
183 310
184 310
185 310
186 310
187 310
188 310
189 310
190 310
191 310
192 310
193 310
194 310
195 310
172 311
173 311
174 311
175 311
176 311
177 311
178 311
179 311
180 311
181 311
182 311
183 311
184 311
185 311
186 311
187 311
188 311
189 311
190 311
191 311
192 311
193 311
194 311
195 311
196 311
172 312
173 312
174 312
175 312
176 312
177 312
178 312
179 312
180 312
181 312
182 312
183 312
184 312
185 312
186 312
187 312
188 312
189 312
190 312
191 312
192 312
193 312
194 312
195 312
196 312
172 313
173 313
174 313
175 313
176 313
177 313
178 313
179 313
180 313
181 313
182 313
183 313
184 313
185 313
186 313
187 313
188 313
189 313
190 313
191 313
192 313
193 313
194 313
195 313
196 313
172 314
173 314
174 314
175 314
176 314
177 314
178 314
179 314
180 314
181 314
182 314
183 314
184 314
185 314
186 314
187 314
188 314
189 314
190 314
191 314
192 314
193 314
194 314
195 314
196 314
197 314
172 315
173 315
174 315
175 315
176 315
177 315
178 315
179 315
180 315
181 315
182 315
183 315
184 315
185 315
186 315
187 315
188 315
189 315
190 315
191 315
192 315
193 315
194 315
195 315
196 315
197 315
172 316
173 316
174 316
175 316
176 316
177 316
178 316
179 316
180 316
181 316
182 316
183 316
184 316
185 316
186 316
187 316
188 316
189 316
190 316
191 316
192 316
193 316
194 316
195 316
196 316
197 316
198 316
172 317
173 317
174 317
175 317
176 317
177 317
178 317
179 317
180 317
181 317
182 317
183 317
184 317
185 317
186 317
187 317
188 317
189 317
190 317
191 317
192 317
193 317
194 317
195 317
196 317
197 317
198 317
172 318
173 318
174 318
175 318
176 318
177 318
178 318
179 318
180 318
181 318
182 318
183 318
184 318
185 318
186 318
187 318
188 318
189 318
190 318
191 318
192 318
193 318
194 318
195 318
196 318
197 318
198 318
172 319
173 319
174 319
175 319
176 319
177 319
178 319
179 319
180 319
181 319
182 319
183 319
184 319
185 319
186 319
187 319
188 319
189 319
190 319
191 319
192 319
193 319
194 319
195 319
196 319
197 319
198 319
172 320
173 320
174 320
175 320
176 320
177 320
178 320
179 320
180 320
181 320
182 320
183 320
184 320
185 320
186 320
187 320
188 320
189 320
190 320
191 320
192 320
193 320
194 320
195 320
196 320
197 320
198 320
172 321
173 321
174 321
175 321
176 321
177 321
178 321
179 321
180 321
181 321
182 321
183 321
184 321
185 321
186 321
187 321
188 321
189 321
190 321
191 321
192 321
193 321
194 321
195 321
196 321
197 321
198 321
172 322
173 322
174 322
175 322
176 322
177 322
178 322
179 322
180 322
181 322
182 322
183 322
184 322
185 322
186 322
187 322
188 322
189 322
190 322
191 322
192 322
193 322
194 322
195 322
196 322
197 322
198 322
172 323
173 323
174 323
175 323
176 323
177 323
178 323
179 323
180 323
181 323
182 323
183 323
184 323
185 323
186 323
187 323
188 323
189 323
190 323
191 323
192 323
193 323
194 323
195 323
196 323
197 323
198 323
199 323
172 324
173 324
174 324
175 324
176 324
177 324
178 324
179 324
180 324
181 324
182 324
183 324
184 324
185 324
186 324
187 324
188 324
189 324
190 324
191 324
192 324
193 324
194 324
195 324
196 324
197 324
198 324
199 324
172 325
173 325
174 325
175 325
176 325
177 325
178 325
179 325
180 325
181 325
182 325
183 325
184 325
185 325
186 325
187 325
188 325
189 325
190 325
191 325
192 325
193 325
194 325
195 325
196 325
197 325
198 325
199 325
172 326
173 326
174 326
175 326
176 326
177 326
178 326
179 326
180 326
181 326
182 326
183 326
184 326
185 326
186 326
187 326
188 326
189 326
190 326
191 326
192 326
193 326
194 326
195 326
196 326
197 326
198 326
172 327
173 327
174 327
175 327
176 327
177 327
178 327
179 327
180 327
181 327
182 327
183 327
184 327
185 327
186 327
187 327
188 327
189 327
190 327
191 327
192 327
193 327
194 327
195 327
196 327
197 327
198 327
172 328
173 328
174 328
175 328
176 328
177 328
178 328
179 328
180 328
181 328
182 328
183 328
184 328
185 328
186 328
187 328
188 328
189 328
190 328
191 328
192 328
193 328
194 328
195 328
196 328
197 328
198 328
172 329
173 329
174 329
175 329
176 329
177 329
178 329
179 329
180 329
181 329
182 329
183 329
184 329
185 329
186 329
187 329
188 329
189 329
190 329
191 329
192 329
193 329
194 329
195 329
196 329
197 329
198 329
172 330
173 330
174 330
175 330
176 330
177 330
178 330
179 330
180 330
181 330
182 330
183 330
184 330
185 330
186 330
187 330
188 330
189 330
190 330
191 330
192 330
193 330
194 330
195 330
196 330
197 330
172 331
173 331
174 331
175 331
176 331
177 331
178 331
179 331
180 331
181 331
182 331
183 331
184 331
185 331
186 331
187 331
188 331
189 331
190 331
191 331
192 331
193 331
194 331
195 331
196 331
172 332
173 332
174 332
175 332
176 332
177 332
178 332
179 332
180 332
181 332
182 332
183 332
184 332
185 332
186 332
187 332
188 332
189 332
190 332
191 332
192 332
193 332
194 332
195 332
196 332
172 333
173 333
174 333
175 333
176 333
177 333
178 333
179 333
180 333
181 333
182 333
183 333
184 333
185 333
186 333
187 333
188 333
189 333
190 333
191 333
192 333
193 333
194 333
195 333
196 333
172 334
173 334
174 334
175 334
176 334
177 334
178 334
179 334
180 334
181 334
182 334
183 334
184 334
185 334
186 334
187 334
188 334
189 334
190 334
191 334
192 334
193 334
194 334
195 334
173 335
174 335
175 335
176 335
177 335
178 335
179 335
180 335
181 335
182 335
183 335
184 335
185 335
186 335
187 335
188 335
189 335
190 335
191 335
192 335
193 335
194 335
195 335
174 336
175 336
176 336
177 336
178 336
179 336
180 336
181 336
182 336
183 336
184 336
185 336
186 336
187 336
188 336
189 336
190 336
191 336
192 336
193 336
194 336
195 336
175 337
176 337
177 337
178 337
179 337
180 337
181 337
182 337
183 337
184 337
185 337
186 337
187 337
188 337
189 337
190 337
191 337
192 337
193 337
194 337
176 338
177 338
178 338
179 338
180 338
181 338
182 338
183 338
184 338
185 338
186 338
187 338
188 338
189 338
190 338
191 338
192 338
193 338
194 338
177 339
178 339
179 339
180 339
181 339
182 339
183 339
184 339
185 339
186 339
187 339
188 339
189 339
190 339
191 339
