257 361
258 361
259 361
260 361
261 361
262 361
263 361
264 361
257 362
258 362
259 362
260 362
261 362
262 362
263 362
264 362
265 362
266 362
267 362
257 363
258 363
259 363
260 363
261 363
262 363
263 363
264 363
265 363
266 363
267 363
256 364
257 364
258 364
259 364
260 364
261 364
262 364
263 364
264 364
265 364
266 364
267 364
268 364
256 365
257 365
258 365
259 365
260 365
261 365
262 365
263 365
264 365
265 365
266 365
267 365
268 365
256 366
257 366
258 366
259 366
260 366
261 366
262 366
263 366
264 366
265 366
266 366
267 366
268 366
256 367
257 367
258 367
259 367
260 367
261 367
262 367
263 367
264 367
265 367
266 367
267 367
268 367
269 367
256 368
257 368
258 368
259 368
260 368
261 368
262 368
263 368
264 368
265 368
266 368
267 368
268 368
269 368
256 369
257 369
258 369
259 369
260 369
261 369
262 369
263 369
264 369
265 369
266 369
267 369
268 369
269 369
256 370
257 370
258 370
259 370
260 370
261 370
262 370
263 370
264 370
265 370
266 370
267 370
268 370
269 370
256 371
257 371
258 371
259 371
260 371
261 371
262 371
263 371
264 371
265 371
266 371
267 371
268 371
269 371
270 371
256 372
257 372
258 372
259 372
260 372
261 372
262 372
263 372
264 372
265 372
266 372
267 372
268 372
269 372
270 372
256 373
257 373
258 373
259 373
260 373
261 373
262 373
263 373
264 373
265 373
266 373
267 373
268 373
269 373
270 373
256 374
257 374
258 374
259 374
260 374
261 374
262 374
263 374
264 374
265 374
266 374
267 374
268 374
269 374
270 374
256 375
257 375
258 375
259 375
260 375
261 375
262 375
263 375
264 375
265 375
266 375
267 375
268 375
269 375
270 375
256 376
257 376
258 376
259 376
260 376
261 376
262 376
263 376
264 376
265 376
266 376
267 376
268 376
269 376
270 376
256 377
257 377
258 377
259 377
260 377
261 377
262 377
263 377
264 377
265 377
266 377
267 377
268 377
269 377
270 377
256 378
257 378
258 378
259 378
260 378
261 378
262 378
263 378
264 378
265 378
266 378
267 378
268 378
269 378
270 378
256 379
257 379
258 379
259 379
260 379
261 379
262 379
263 379
264 379
265 379
266 379
267 379
268 379
269 379
270 379
256 380
257 380
258 380
259 380
260 380
261 380
262 380
263 380
264 380
265 380
266 380
267 380
268 380
269 380
270 380
256 381
257 381
258 381
259 381
260 381
261 381
262 381
263 381
264 381
265 381
266 381
267 381
268 381
269 381
270 381
256 382
257 382
258 382
259 382
260 382
261 382
262 382
263 382
264 382
265 382
266 382
267 382
268 382
269 382
270 382
256 383
257 383
258 383
259 383
260 383
261 383
262 383
263 383
264 383
265 383
266 383
267 383
268 383
269 383
270 383
256 384
257 384
258 384
259 384
260 384
261 384
262 384
263 384
264 384
265 384
266 384
267 384
268 384
269 384
270 384
256 385
257 385
258 385
259 385
260 385
261 385
262 385
263 385
264 385
265 385
266 385
267 385
268 385
269 385
270 385
256 386
257 386
258 386
259 386
260 386
261 386
262 386
263 386
264 386
265 386
266 386
267 386
268 386
269 386
256 387
257 387
258 387
259 387
260 387
261 387
262 387
263 387
264 387
265 387
266 387
267 387
268 387
269 387
257 388
258 388
259 388
260 388
261 388
262 388
263 388
264 388
265 388
266 388
267 388
268 388
269 388
257 389
258 389
259 389
260 389
261 389
262 389
263 389
264 389
265 389
266 389
267 389
268 389
269 389
257 390
258 390
259 390
260 390
261 390
262 390
263 390
264 390
265 390
266 390
267 390
268 390
258 391
259 391
260 391
261 391
262 391
263 391
264 391
265 391
266 391
267 391
268 391
258 392
259 392
260 392
261 392
262 392
263 392
264 392
265 392
266 392
267 392
260 393
261 393
262 393
263 393
264 393
265 393
266 393
261 394
262 394
263 394
264 394
265 394
