317 396
318 396
319 396
320 396
321 396
322 396
323 396
324 396
325 396
326 396
327 396
328 396
329 396
316 397
317 397
318 397
319 397
320 397
321 397
322 397
323 397
324 397
325 397
326 397
327 397
328 397
329 397
330 397
315 398
316 398
317 398
318 398
319 398
320 398
321 398
322 398
323 398
324 398
325 398
326 398
327 398
328 398
329 398
330 398
331 398
314 399
315 399
316 399
317 399
318 399
319 399
320 399
321 399
322 399
323 399
324 399
325 399
326 399
327 399
328 399
329 399
330 399
331 399
332 399
313 400
314 400
315 400
316 400
317 400
318 400
319 400
320 400
321 400
322 400
323 400
324 400
325 400
326 400
327 400
328 400
329 400
330 400
331 400
332 400
333 400
312 401
313 401
314 401
315 401
316 401
317 401
318 401
319 401
320 401
321 401
322 401
323 401
324 401
325 401
326 401
327 401
328 401
329 401
330 401
331 401
332 401
333 401
334 401
311 402
312 402
313 402
314 402
315 402
316 402
317 402
318 402
319 402
320 402
321 402
322 402
323 402
324 402
325 402
326 402
327 402
328 402
329 402
330 402
331 402
332 402
333 402
334 402
335 402
310 403
311 403
312 403
313 403
314 403
315 403
316 403
317 403
318 403
319 403
320 403
321 403
322 403
323 403
324 403
325 403
326 403
327 403
328 403
329 403
330 403
331 403
332 403
333 403
334 403
335 403
336 403
309 404
310 404
311 404
312 404
313 404
314 404
315 404
316 404
317 404
318 404
319 404
320 404
321 404
322 404
323 404
324 404
325 404
326 404
327 404
328 404
329 404
330 404
331 404
332 404
333 404
334 404
335 404
336 404
337 404
308 405
309 405
310 405
311 405
312 405
313 405
314 405
315 405
316 405
317 405
318 405
319 405
320 405
321 405
322 405
323 405
324 405
325 405
326 405
327 405
328 405
329 405
330 405
331 405
332 405
333 405
334 405
335 405
336 405
337 405
338 405
308 406
309 406
310 406
311 406
312 406
313 406
314 406
315 406
316 406
317 406
318 406
319 406
320 406
321 406
322 406
323 406
324 406
325 406
326 406
327 406
328 406
329 406
330 406
331 406
332 406
333 406
334 406
335 406
336 406
337 406
338 406
339 406
308 407
309 407
310 407
311 407
312 407
313 407
314 407
315 407
316 407
317 407
318 407
319 407
320 407
321 407
322 407
323 407
324 407
325 407
326 407
327 407
328 407
329 407
330 407
331 407
332 407
333 407
334 407
335 407
336 407
337 407
338 407
339 407
308 408
309 408
310 408
311 408
312 408
313 408
314 408
315 408
316 408
317 408
318 408
319 408
320 408
321 408
322 408
323 408
324 408
325 408
326 408
327 408
328 408
329 408
330 408
331 408
332 408
333 408
334 408
335 408
336 408
337 408
338 408
339 408
308 409
309 409
310 409
311 409
312 409
313 409
314 409
315 409
316 409
317 409
318 409
319 409
320 409
321 409
322 409
323 409
324 409
325 409
326 409
327 409
328 409
329 409
330 409
331 409
332 409
333 409
334 409
335 409
336 409
337 409
338 409
339 409
340 409
308 410
309 410
310 410
311 410
312 410
313 410
314 410
315 410
316 410
317 410
318 410
319 410
320 410
321 410
322 410
323 410
324 410
325 410
326 410
327 410
328 410
329 410
330 410
331 410
332 410
333 410
334 410
335 410
336 410
337 410
338 410
339 410
340 410
308 411
309 411
310 411
311 411
312 411
313 411
314 411
315 411
316 411
317 411
318 411
319 411
320 411
321 411
322 411
323 411
324 411
325 411
326 411
327 411
328 411
329 411
330 411
331 411
332 411
333 411
334 411
335 411
336 411
337 411
338 411
339 411
340 411
341 411
308 412
309 412
310 412
311 412
312 412
313 412
314 412
315 412
316 412
317 412
318 412
319 412
320 412
321 412
322 412
323 412
324 412
325 412
326 412
327 412
328 412
329 412
330 412
331 412
332 412
333 412
334 412
335 412
336 412
337 412
338 412
339 412
340 412
341 412
342 412
308 413
309 413
310 413
311 413
312 413
313 413
314 413
315 413
316 413
317 413
318 413
319 413
320 413
321 413
322 413
323 413
324 413
325 413
326 413
327 413
328 413
329 413
330 413
331 413
332 413
333 413
334 413
335 413
336 413
337 413
338 413
339 413
340 413
341 413
342 413
308 414
309 414
310 414
311 414
312 414
313 414
314 414
315 414
316 414
317 414
318 414
319 414
320 414
321 414
322 414
323 414
324 414
325 414
326 414
327 414
328 414
329 414
330 414
331 414
332 414
333 414
334 414
335 414
336 414
337 414
338 414
339 414
340 414
341 414
342 414
343 414
308 415
309 415
310 415
311 415
312 415
313 415
314 415
315 415
316 415
317 415
318 415
319 415
320 415
321 415
322 415
323 415
324 415
325 415
326 415
327 415
328 415
329 415
330 415
331 415
332 415
333 415
334 415
335 415
336 415
337 415
338 415
339 415
340 415
341 415
342 415
343 415
308 416
309 416
310 416
311 416
312 416
313 416
314 416
315 416
316 416
317 416
318 416
319 416
320 416
321 416
322 416
323 416
324 416
325 416
326 416
327 416
328 416
329 416
330 416
331 416
332 416
333 416
334 416
335 416
336 416
337 416
338 416
339 416
340 416
341 416
342 416
343 416
308 417
309 417
310 417
311 417
312 417
313 417
314 417
315 417
316 417
317 417
318 417
319 417
320 417
321 417
322 417
323 417
324 417
325 417
326 417
327 417
328 417
329 417
330 417
331 417
332 417
333 417
334 417
335 417
336 417
337 417
338 417
339 417
340 417
341 417
342 417
343 417
308 418
309 418
310 418
311 418
312 418
313 418
314 418
315 418
316 418
317 418
318 418
319 418
320 418
321 418
322 418
323 418
324 418
325 418
326 418
327 418
328 418
329 418
330 418
331 418
332 418
333 418
334 418
335 418
336 418
337 418
338 418
339 418
340 418
341 418
342 418
343 418
308 419
309 419
310 419
311 419
312 419
313 419
314 419
315 419
316 419
317 419
318 419
319 419
320 419
321 419
322 419
323 419
324 419
325 419
326 419
327 419
328 419
329 419
330 419
331 419
332 419
333 419
334 419
335 419
336 419
337 419
338 419
339 419
340 419
341 419
342 419
343 419
308 420
309 420
310 420
311 420
312 420
313 420
314 420
315 420
316 420
317 420
318 420
319 420
320 420
321 420
322 420
323 420
324 420
325 420
326 420
327 420
328 420
329 420
330 420
331 420
332 420
333 420
334 420
335 420
336 420
337 420
338 420
339 420
340 420
341 420
342 420
343 420
308 421
309 421
310 421
311 421
312 421
313 421
314 421
315 421
316 421
317 421
318 421
319 421
320 421
321 421
322 421
323 421
324 421
325 421
326 421
327 421
328 421
329 421
330 421
331 421
332 421
333 421
334 421
335 421
336 421
337 421
338 421
339 421
340 421
341 421
342 421
343 421
308 422
309 422
310 422
311 422
312 422
313 422
314 422
315 422
316 422
317 422
318 422
319 422
320 422
321 422
322 422
323 422
324 422
325 422
326 422
327 422
328 422
329 422
330 422
331 422
332 422
333 422
334 422
335 422
336 422
337 422
338 422
339 422
340 422
341 422
342 422
343 422
309 423
310 423
311 423
312 423
313 423
314 423
315 423
316 423
317 423
318 423
319 423
320 423
321 423
322 423
323 423
324 423
325 423
326 423
327 423
328 423
329 423
330 423
331 423
332 423
333 423
334 423
335 423
336 423
337 423
338 423
339 423
340 423
341 423
342 423
343 423
309 424
310 424
311 424
312 424
313 424
314 424
315 424
316 424
317 424
318 424
319 424
320 424
321 424
322 424
323 424
324 424
325 424
326 424
327 424
328 424
329 424
330 424
331 424
332 424
333 424
334 424
335 424
336 424
337 424
338 424
339 424
340 424
341 424
342 424
343 424
310 425
311 425
312 425
313 425
314 425
315 425
316 425
317 425
318 425
319 425
320 425
321 425
322 425
323 425
324 425
325 425
326 425
327 425
328 425
329 425
330 425
331 425
332 425
333 425
334 425
335 425
336 425
337 425
338 425
339 425
340 425
341 425
342 425
343 425
311 426
312 426
313 426
314 426
315 426
316 426
317 426
318 426
319 426
320 426
321 426
322 426
323 426
324 426
325 426
326 426
327 426
328 426
329 426
330 426
331 426
332 426
333 426
334 426
335 426
336 426
337 426
338 426
339 426
340 426
341 426
342 426
343 426
313 427
314 427
315 427
316 427
317 427
318 427
319 427
320 427
321 427
322 427
323 427
324 427
325 427
326 427
327 427
328 427
329 427
330 427
331 427
332 427
333 427
334 427
335 427
336 427
337 427
338 427
339 427
340 427
341 427
342 427
343 427
319 428
320 428
321 428
322 428
323 428
324 428
325 428
326 428
327 428
328 428
329 428
330 428
331 428
332 428
333 428
334 428
335 428
336 428
337 428
338 428
339 428
340 428
341 428
342 428
343 428
320 429
321 429
322 429
323 429
324 429
325 429
326 429
327 429
328 429
329 429
330 429
331 429
332 429
333 429
334 429
335 429
336 429
337 429
338 429
339 429
340 429
341 429
342 429
343 429
321 430
322 430
323 430
324 430
325 430
326 430
327 430
328 430
329 430
330 430
331 430
332 430
333 430
334 430
335 430
336 430
337 430
338 430
339 430
340 430
341 430
342 430
343 430
322 431
323 431
324 431
325 431
326 431
327 431
328 431
329 431
330 431
331 431
332 431
333 431
334 431
335 431
336 431
337 431
338 431
339 431
340 431
341 431
342 431
343 431
323 432
324 432
325 432
326 432
327 432
328 432
329 432
330 432
331 432
332 432
333 432
334 432
335 432
336 432
337 432
338 432
339 432
340 432
341 432
342 432
343 432
324 433
325 433
326 433
327 433
328 433
329 433
330 433
331 433
332 433
333 433
334 433
335 433
336 433
337 433
338 433
339 433
340 433
341 433
342 433
343 433
325 434
326 434
327 434
328 434
329 434
330 434
331 434
332 434
333 434
334 434
335 434
336 434
337 434
338 434
339 434
340 434
341 434
342 434
343 434
326 435
327 435
328 435
329 435
330 435
331 435
332 435
333 435
334 435
335 435
336 435
337 435
338 435
339 435
340 435
341 435
342 435
343 435
327 436
328 436
329 436
330 436
331 436
332 436
333 436
334 436
335 436
336 436
337 436
338 436
339 436
340 436
341 436
342 436
328 437
329 437
330 437
331 437
332 437
333 437
334 437
335 437
336 437
337 437
338 437
339 437
340 437
341 437
342 437
328 438
329 438
330 438
331 438
332 438
333 438
334 438
335 438
336 438
337 438
338 438
339 438
340 438
341 438
329 439
330 439
331 439
332 439
333 439
334 439
335 439
336 439
337 439
338 439
339 439
340 439
329 440
330 440
331 440
332 440
333 440
334 440
335 440
336 440
337 440
338 440
339 440
340 440
330 441
331 441
332 441
333 441
334 441
335 441
336 441
337 441
338 441
339 441
331 442
332 442
333 442
334 442
335 442
336 442
337 442
338 442
339 442
332 443
333 443
334 443
335 443
336 443
337 443
338 443
