324 228
325 228
326 228
327 228
328 228
329 228
330 228
331 228
332 228
333 228
334 228
322 229
323 229
324 229
325 229
326 229
327 229
328 229
329 229
330 229
331 229
332 229
333 229
334 229
335 229
321 230
322 230
323 230
324 230
325 230
326 230
327 230
328 230
329 230
330 230
331 230
332 230
333 230
334 230
335 230
336 230
320 231
321 231
322 231
323 231
324 231
325 231
326 231
327 231
328 231
329 231
330 231
331 231
332 231
333 231
334 231
335 231
336 231
337 231
319 232
320 232
321 232
322 232
323 232
324 232
325 232
326 232
327 232
328 232
329 232
330 232
331 232
332 232
333 232
334 232
335 232
336 232
337 232
338 232
319 233
320 233
321 233
322 233
323 233
324 233
325 233
326 233
327 233
328 233
329 233
330 233
331 233
332 233
333 233
334 233
335 233
336 233
337 233
338 233
318 234
319 234
320 234
321 234
322 234
323 234
324 234
325 234
326 234
327 234
328 234
329 234
330 234
331 234
332 234
333 234
334 234
335 234
336 234
337 234
338 234
339 234
317 235
318 235
319 235
320 235
321 235
322 235
323 235
324 235
325 235
326 235
327 235
328 235
329 235
330 235
331 235
332 235
333 235
334 235
335 235
336 235
337 235
338 235
339 235
316 236
317 236
318 236
319 236
320 236
321 236
322 236
323 236
324 236
325 236
326 236
327 236
328 236
329 236
330 236
331 236
332 236
333 236
334 236
335 236
336 236
337 236
338 236
339 236
316 237
317 237
318 237
319 237
320 237
321 237
322 237
323 237
324 237
325 237
326 237
327 237
328 237
329 237
330 237
331 237
332 237
333 237
334 237
335 237
336 237
337 237
338 237
339 237
315 238
316 238
317 238
318 238
319 238
320 238
321 238
322 238
323 238
324 238
325 238
326 238
327 238
328 238
329 238
330 238
331 238
332 238
333 238
334 238
335 238
336 238
337 238
338 238
339 238
340 238
314 239
315 239
316 239
317 239
318 239
319 239
320 239
321 239
322 239
323 239
324 239
325 239
326 239
327 239
328 239
329 239
330 239
331 239
332 239
333 239
334 239
335 239
336 239
337 239
338 239
339 239
340 239
313 240
314 240
315 240
316 240
317 240
318 240
319 240
320 240
321 240
322 240
323 240
324 240
325 240
326 240
327 240
328 240
329 240
330 240
331 240
332 240
333 240
334 240
335 240
336 240
337 240
338 240
339 240
340 240
341 240
313 241
314 241
315 241
316 241
317 241
318 241
319 241
320 241
321 241
322 241
323 241
324 241
325 241
326 241
327 241
328 241
329 241
330 241
331 241
332 241
333 241
334 241
335 241
336 241
337 241
338 241
339 241
340 241
341 241
312 242
313 242
314 242
315 242
316 242
317 242
318 242
319 242
320 242
321 242
322 242
323 242
324 242
325 242
326 242
327 242
328 242
329 242
330 242
331 242
332 242
333 242
334 242
335 242
336 242
337 242
338 242
339 242
340 242
341 242
342 242
312 243
313 243
314 243
315 243
316 243
317 243
318 243
319 243
320 243
321 243
322 243
323 243
324 243
325 243
326 243
327 243
328 243
329 243
330 243
331 243
332 243
333 243
334 243
335 243
336 243
337 243
338 243
339 243
340 243
341 243
342 243
312 244
313 244
314 244
315 244
316 244
317 244
318 244
319 244
320 244
321 244
322 244
323 244
324 244
325 244
326 244
327 244
328 244
329 244
330 244
331 244
332 244
333 244
334 244
335 244
336 244
337 244
338 244
339 244
340 244
341 244
342 244
312 245
313 245
314 245
315 245
316 245
317 245
318 245
319 245
320 245
321 245
322 245
323 245
324 245
325 245
326 245
327 245
328 245
329 245
330 245
331 245
332 245
333 245
334 245
335 245
336 245
337 245
338 245
339 245
340 245
341 245
342 245
312 246
313 246
314 246
315 246
316 246
317 246
318 246
319 246
320 246
321 246
322 246
323 246
324 246
325 246
326 246
327 246
328 246
329 246
330 246
331 246
332 246
333 246
334 246
335 246
336 246
337 246
338 246
339 246
340 246
341 246
342 246
343 246
312 247
313 247
314 247
315 247
316 247
317 247
318 247
319 247
320 247
321 247
322 247
323 247
324 247
325 247
326 247
327 247
328 247
329 247
330 247
331 247
332 247
333 247
334 247
335 247
336 247
337 247
338 247
339 247
340 247
341 247
342 247
343 247
312 248
313 248
314 248
315 248
316 248
317 248
318 248
319 248
320 248
321 248
322 248
323 248
324 248
325 248
326 248
327 248
328 248
329 248
330 248
331 248
332 248
333 248
334 248
335 248
336 248
337 248
338 248
339 248
340 248
341 248
342 248
343 248
312 249
313 249
314 249
315 249
316 249
317 249
318 249
319 249
320 249
321 249
322 249
323 249
324 249
325 249
326 249
327 249
328 249
329 249
330 249
331 249
332 249
333 249
334 249
335 249
336 249
337 249
338 249
339 249
340 249
341 249
342 249
343 249
312 250
313 250
314 250
315 250
316 250
317 250
318 250
319 250
320 250
321 250
322 250
323 250
324 250
325 250
326 250
327 250
328 250
329 250
330 250
331 250
332 250
333 250
334 250
335 250
336 250
337 250
338 250
339 250
340 250
341 250
342 250
343 250
312 251
313 251
314 251
315 251
316 251
317 251
318 251
319 251
320 251
321 251
322 251
323 251
324 251
325 251
326 251
327 251
328 251
329 251
330 251
331 251
332 251
333 251
334 251
335 251
336 251
337 251
338 251
339 251
340 251
341 251
342 251
343 251
312 252
313 252
314 252
315 252
316 252
317 252
318 252
319 252
320 252
321 252
322 252
323 252
324 252
325 252
326 252
327 252
328 252
329 252
330 252
331 252
332 252
333 252
334 252
335 252
336 252
337 252
338 252
339 252
340 252
341 252
342 252
312 253
313 253
314 253
315 253
316 253
317 253
318 253
319 253
320 253
321 253
322 253
323 253
324 253
325 253
326 253
327 253
328 253
329 253
330 253
331 253
332 253
333 253
334 253
335 253
336 253
337 253
338 253
339 253
340 253
341 253
342 253
312 254
313 254
314 254
315 254
316 254
317 254
318 254
319 254
320 254
321 254
322 254
323 254
324 254
325 254
326 254
327 254
328 254
329 254
330 254
331 254
332 254
333 254
334 254
335 254
336 254
337 254
338 254
339 254
340 254
341 254
342 254
313 255
314 255
315 255
316 255
317 255
318 255
319 255
320 255
321 255
322 255
323 255
324 255
325 255
326 255
327 255
328 255
329 255
330 255
331 255
332 255
333 255
334 255
335 255
336 255
337 255
338 255
339 255
340 255
341 255
342 255
313 256
314 256
315 256
316 256
317 256
318 256
319 256
320 256
321 256
322 256
323 256
324 256
325 256
326 256
327 256
328 256
329 256
330 256
331 256
332 256
333 256
334 256
335 256
336 256
337 256
338 256
339 256
340 256
341 256
342 256
314 257
315 257
316 257
317 257
318 257
319 257
320 257
321 257
322 257
323 257
324 257
325 257
326 257
327 257
328 257
329 257
330 257
331 257
332 257
333 257
334 257
335 257
336 257
337 257
338 257
339 257
340 257
341 257
342 257
315 258
316 258
317 258
318 258
319 258
320 258
321 258
322 258
323 258
324 258
325 258
326 258
327 258
328 258
329 258
330 258
331 258
332 258
333 258
334 258
335 258
336 258
337 258
338 258
339 258
340 258
341 258
315 259
316 259
317 259
318 259
319 259
320 259
321 259
322 259
323 259
324 259
325 259
326 259
327 259
328 259
329 259
330 259
331 259
332 259
333 259
334 259
335 259
336 259
337 259
338 259
339 259
340 259
341 259
316 260
317 260
318 260
319 260
320 260
321 260
322 260
323 260
324 260
325 260
326 260
327 260
328 260
329 260
330 260
331 260
332 260
333 260
334 260
335 260
336 260
337 260
338 260
339 260
340 260
317 261
318 261
319 261
320 261
321 261
322 261
323 261
324 261
325 261
326 261
327 261
328 261
329 261
330 261
331 261
332 261
333 261
334 261
335 261
336 261
337 261
338 261
339 261
340 261
317 262
318 262
319 262
320 262
321 262
322 262
323 262
324 262
325 262
326 262
327 262
328 262
329 262
330 262
331 262
332 262
333 262
334 262
335 262
336 262
337 262
338 262
339 262
340 262
318 263
319 263
320 263
321 263
322 263
323 263
324 263
325 263
326 263
327 263
328 263
329 263
330 263
331 263
332 263
333 263
334 263
335 263
336 263
337 263
338 263
339 263
318 264
319 264
320 264
321 264
322 264
323 264
324 264
325 264
326 264
327 264
328 264
329 264
330 264
331 264
332 264
333 264
334 264
335 264
336 264
337 264
338 264
339 264
319 265
320 265
321 265
322 265
323 265
324 265
325 265
326 265
327 265
328 265
329 265
330 265
331 265
332 265
333 265
334 265
335 265
336 265
337 265
338 265
339 265
319 266
320 266
321 266
322 266
323 266
324 266
325 266
326 266
327 266
328 266
329 266
330 266
331 266
332 266
333 266
334 266
335 266
336 266
337 266
338 266
339 266
320 267
321 267
322 267
323 267
324 267
325 267
326 267
327 267
328 267
329 267
330 267
331 267
332 267
333 267
334 267
335 267
336 267
337 267
338 267
320 268
321 268
322 268
323 268
324 268
325 268
326 268
327 268
328 268
329 268
330 268
331 268
332 268
333 268
334 268
335 268
336 268
337 268
338 268
321 269
322 269
323 269
324 269
325 269
326 269
327 269
328 269
329 269
330 269
331 269
332 269
333 269
334 269
335 269
336 269
337 269
322 270
323 270
324 270
325 270
326 270
327 270
328 270
329 270
330 270
331 270
332 270
333 270
334 270
335 270
336 270
337 270
322 271
323 271
324 271
325 271
326 271
327 271
328 271
329 271
330 271
331 271
332 271
333 271
334 271
335 271
336 271
323 272
324 272
325 272
326 272
327 272
328 272
329 272
330 272
331 272
332 272
333 272
334 272
335 272
324 273
325 273
326 273
327 273
328 273
329 273
330 273
331 273
332 273
333 273
334 273
335 273
325 274
326 274
327 274
328 274
329 274
330 274
331 274
332 274
333 274
334 274
326 275
327 275
328 275
329 275
330 275
331 275
332 275
333 275
334 275
328 276
329 276
330 276
331 276
