306 285
307 285
308 285
309 285
310 285
311 285
312 285
306 286
307 286
308 286
309 286
310 286
311 286
312 286
305 287
306 287
307 287
308 287
309 287
310 287
311 287
312 287
313 287
305 288
306 288
307 288
308 288
309 288
310 288
311 288
312 288
313 288
305 289
306 289
307 289
308 289
309 289
310 289
311 289
312 289
313 289
305 290
306 290
307 290
308 290
309 290
310 290
311 290
312 290
313 290
305 291
306 291
307 291
308 291
309 291
310 291
311 291
312 291
313 291
314 291
305 292
306 292
307 292
308 292
309 292
310 292
311 292
312 292
313 292
314 292
304 293
305 293
306 293
307 293
308 293
309 293
310 293
311 293
312 293
313 293
314 293
304 294
305 294
306 294
307 294
308 294
309 294
310 294
311 294
312 294
313 294
314 294
304 295
305 295
306 295
307 295
308 295
309 295
310 295
311 295
312 295
313 295
314 295
315 295
304 296
305 296
306 296
307 296
308 296
309 296
310 296
311 296
312 296
313 296
314 296
315 296
321 296
304 297
305 297
306 297
307 297
308 297
309 297
310 297
311 297
312 297
313 297
314 297
315 297
320 297
321 297
322 297
304 298
305 298
306 298
307 298
308 298
309 298
310 298
311 298
312 298
313 298
314 298
315 298
316 298
320 298
321 298
322 298
304 299
305 299
306 299
307 299
308 299
309 299
310 299
311 299
312 299
313 299
314 299
315 299
316 299
319 299
320 299
321 299
322 299
304 300
305 300
306 300
307 300
308 300
309 300
310 300
311 300
312 300
313 300
314 300
315 300
316 300
319 300
320 300
321 300
322 300
304 301
305 301
306 301
307 301
308 301
309 301
310 301
311 301
312 301
313 301
314 301
315 301
316 301
319 301
320 301
321 301
322 301
323 301
304 302
305 302
306 302
307 302
308 302
309 302
310 302
311 302
312 302
313 302
314 302
315 302
316 302
319 302
320 302
321 302
322 302
323 302
304 303
305 303
306 303
307 303
308 303
309 303
310 303
311 303
312 303
313 303
314 303
315 303
316 303
319 303
320 303
321 303
322 303
323 303
304 304
305 304
306 304
307 304
308 304
309 304
310 304
311 304
312 304
313 304
314 304
315 304
316 304
319 304
320 304
321 304
322 304
323 304
304 305
305 305
306 305
307 305
308 305
309 305
310 305
311 305
312 305
313 305
314 305
315 305
316 305
319 305
320 305
321 305
322 305
323 305
304 306
305 306
306 306
307 306
308 306
309 306
310 306
311 306
312 306
313 306
314 306
315 306
316 306
319 306
320 306
321 306
322 306
323 306
304 307
305 307
306 307
307 307
308 307
309 307
310 307
311 307
312 307
313 307
314 307
315 307
316 307
319 307
320 307
321 307
322 307
323 307
304 308
305 308
306 308
307 308
308 308
309 308
310 308
311 308
312 308
313 308
314 308
315 308
316 308
319 308
320 308
321 308
322 308
323 308
304 309
305 309
306 309
307 309
308 309
309 309
310 309
311 309
312 309
313 309
314 309
315 309
316 309
319 309
320 309
321 309
322 309
304 310
305 310
306 310
307 310
308 310
309 310
310 310
311 310
312 310
313 310
314 310
315 310
316 310
319 310
320 310
321 310
322 310
304 311
305 311
306 311
307 311
308 311
309 311
310 311
311 311
312 311
313 311
314 311
315 311
316 311
319 311
320 311
321 311
322 311
304 312
305 312
306 312
307 312
308 312
309 312
310 312
311 312
312 312
313 312
314 312
315 312
316 312
319 312
320 312
321 312
322 312
304 313
305 313
306 313
307 313
308 313
309 313
310 313
311 313
312 313
313 313
314 313
315 313
319 313
320 313
321 313
322 313
304 314
305 314
306 314
307 314
308 314
309 314
310 314
311 314
312 314
313 314
314 314
315 314
319 314
320 314
321 314
322 314
304 315
305 315
306 315
307 315
308 315
309 315
310 315
311 315
312 315
313 315
314 315
315 315
319 315
320 315
321 315
322 315
304 316
305 316
306 316
307 316
308 316
309 316
310 316
311 316
312 316
313 316
314 316
315 316
320 316
321 316
322 316
305 317
306 317
307 317
308 317
309 317
310 317
311 317
312 317
313 317
314 317
315 317
321 317
305 318
306 318
307 318
308 318
309 318
310 318
311 318
312 318
313 318
314 318
315 318
305 319
306 319
307 319
308 319
309 319
310 319
311 319
312 319
313 319
314 319
315 319
305 320
306 320
307 320
308 320
309 320
310 320
311 320
312 320
313 320
314 320
305 321
306 321
307 321
308 321
309 321
310 321
311 321
312 321
313 321
314 321
307 322
308 322
309 322
310 322
311 322
312 322
