288 324
289 324
290 324
291 324
285 325
286 325
287 325
288 325
289 325
290 325
291 325
292 325
293 325
294 325
285 326
286 326
287 326
288 326
289 326
290 326
291 326
292 326
293 326
294 326
295 326
285 327
286 327
287 327
288 327
289 327
290 327
291 327
292 327
293 327
294 327
295 327
284 328
285 328
286 328
287 328
288 328
289 328
290 328
291 328
292 328
293 328
294 328
295 328
284 329
285 329
286 329
287 329
288 329
289 329
290 329
291 329
292 329
293 329
294 329
295 329
296 329
284 330
285 330
286 330
287 330
288 330
289 330
290 330
291 330
292 330
293 330
294 330
295 330
296 330
284 331
285 331
286 331
287 331
288 331
289 331
290 331
291 331
292 331
293 331
294 331
295 331
296 331
297 331
284 332
285 332
286 332
287 332
288 332
289 332
290 332
291 332
292 332
293 332
294 332
295 332
296 332
297 332
298 332
284 333
285 333
286 333
287 333
288 333
289 333
290 333
291 333
292 333
293 333
294 333
295 333
296 333
297 333
298 333
299 333
284 334
285 334
286 334
287 334
288 334
289 334
290 334
291 334
292 334
293 334
294 334
295 334
296 334
297 334
298 334
299 334
284 335
285 335
286 335
287 335
288 335
289 335
290 335
291 335
292 335
293 335
294 335
295 335
296 335
297 335
298 335
299 335
284 336
285 336
286 336
287 336
288 336
289 336
290 336
291 336
292 336
293 336
294 336
295 336
296 336
297 336
298 336
299 336
300 336
284 337
285 337
286 337
287 337
288 337
289 337
290 337
291 337
292 337
293 337
294 337
295 337
296 337
297 337
298 337
299 337
300 337
284 338
285 338
286 338
287 338
288 338
289 338
290 338
291 338
292 338
293 338
294 338
295 338
296 338
297 338
298 338
299 338
300 338
301 338
284 339
285 339
286 339
287 339
288 339
289 339
290 339
291 339
292 339
293 339
294 339
295 339
296 339
297 339
298 339
299 339
300 339
301 339
302 339
284 340
285 340
286 340
287 340
288 340
289 340
290 340
291 340
292 340
293 340
294 340
295 340
296 340
297 340
298 340
299 340
300 340
301 340
302 340
284 341
285 341
286 341
287 341
288 341
289 341
290 341
291 341
292 341
293 341
294 341
295 341
296 341
297 341
298 341
299 341
300 341
301 341
302 341
284 342
285 342
286 342
287 342
288 342
289 342
290 342
291 342
292 342
293 342
294 342
295 342
296 342
297 342
298 342
299 342
300 342
301 342
302 342
303 342
284 343
285 343
286 343
287 343
288 343
289 343
290 343
291 343
292 343
293 343
294 343
295 343
296 343
297 343
298 343
299 343
300 343
301 343
302 343
303 343
284 344
285 344
286 344
287 344
288 344
289 344
290 344
291 344
292 344
293 344
294 344
295 344
296 344
297 344
298 344
299 344
300 344
301 344
302 344
303 344
284 345
285 345
286 345
287 345
288 345
289 345
290 345
291 345
292 345
293 345
294 345
295 345
296 345
297 345
298 345
299 345
300 345
301 345
302 345
303 345
284 346
285 346
286 346
287 346
288 346
289 346
290 346
291 346
292 346
293 346
294 346
295 346
296 346
297 346
298 346
299 346
300 346
301 346
302 346
303 346
284 347
285 347
286 347
287 347
288 347
289 347
290 347
291 347
292 347
293 347
294 347
295 347
296 347
297 347
298 347
299 347
300 347
301 347
302 347
303 347
284 348
285 348
286 348
287 348
288 348
289 348
290 348
291 348
292 348
293 348
294 348
295 348
296 348
297 348
298 348
299 348
300 348
301 348
302 348
303 348
284 349
285 349
286 349
287 349
288 349
289 349
290 349
291 349
292 349
293 349
294 349
295 349
296 349
297 349
298 349
299 349
300 349
301 349
302 349
303 349
284 350
285 350
286 350
287 350
288 350
289 350
290 350
291 350
292 350
293 350
294 350
295 350
296 350
297 350
298 350
299 350
300 350
301 350
302 350
303 350
284 351
285 351
286 351
287 351
288 351
289 351
290 351
291 351
292 351
293 351
294 351
295 351
296 351
297 351
298 351
299 351
300 351
301 351
302 351
303 351
285 352
286 352
287 352
288 352
289 352
290 352
291 352
292 352
293 352
294 352
295 352
296 352
297 352
298 352
299 352
300 352
301 352
302 352
285 353
286 353
287 353
288 353
289 353
290 353
291 353
292 353
293 353
294 353
295 353
296 353
297 353
298 353
299 353
300 353
301 353
302 353
286 354
287 354
288 354
289 354
290 354
291 354
292 354
293 354
294 354
295 354
296 354
297 354
298 354
299 354
300 354
301 354
288 355
289 355
290 355
291 355
292 355
293 355
294 355
295 355
296 355
297 355
298 355
299 355
300 355
290 356
291 356
292 356
293 356
294 356
295 356
296 356
297 356
298 356
292 357
293 357
294 357
295 357
296 357
297 357
