236 216
237 216
238 216
239 216
240 216
241 216
242 216
243 216
244 216
234 217
235 217
236 217
237 217
238 217
239 217
240 217
241 217
242 217
243 217
244 217
245 217
246 217
233 218
234 218
235 218
236 218
237 218
238 218
239 218
240 218
241 218
242 218
243 218
244 218
245 218
246 218
247 218
233 219
234 219
235 219
236 219
237 219
238 219
239 219
240 219
241 219
242 219
243 219
244 219
245 219
246 219
247 219
248 219
232 220
233 220
234 220
235 220
236 220
237 220
238 220
239 220
240 220
241 220
242 220
243 220
244 220
245 220
246 220
247 220
248 220
232 221
233 221
234 221
235 221
236 221
237 221
238 221
239 221
240 221
241 221
242 221
243 221
244 221
245 221
246 221
247 221
248 221
249 221
232 222
233 222
234 222
235 222
236 222
237 222
238 222
239 222
240 222
241 222
242 222
243 222
244 222
245 222
246 222
247 222
248 222
249 222
250 222
232 223
233 223
234 223
235 223
236 223
237 223
238 223
239 223
240 223
241 223
242 223
243 223
244 223
245 223
246 223
247 223
248 223
249 223
250 223
251 223
232 224
233 224
234 224
235 224
236 224
237 224
238 224
239 224
240 224
241 224
242 224
243 224
244 224
245 224
246 224
247 224
248 224
249 224
250 224
251 224
232 225
233 225
234 225
235 225
236 225
237 225
238 225
239 225
240 225
241 225
242 225
243 225
244 225
245 225
246 225
247 225
248 225
249 225
250 225
251 225
232 226
233 226
234 226
235 226
236 226
237 226
238 226
239 226
240 226
241 226
242 226
243 226
244 226
245 226
246 226
247 226
248 226
249 226
250 226
251 226
232 227
233 227
234 227
235 227
236 227
237 227
238 227
239 227
240 227
241 227
242 227
243 227
244 227
245 227
246 227
247 227
248 227
249 227
250 227
251 227
252 227
232 228
233 228
234 228
235 228
236 228
237 228
238 228
239 228
240 228
241 228
242 228
243 228
244 228
245 228
246 228
247 228
248 228
249 228
250 228
251 228
252 228
232 229
233 229
234 229
235 229
236 229
237 229
238 229
239 229
240 229
241 229
242 229
243 229
244 229
245 229
246 229
247 229
248 229
249 229
250 229
251 229
252 229
253 229
232 230
233 230
234 230
235 230
236 230
237 230
238 230
239 230
240 230
241 230
242 230
243 230
244 230
245 230
246 230
247 230
248 230
249 230
250 230
251 230
252 230
253 230
232 231
233 231
234 231
235 231
236 231
237 231
238 231
239 231
240 231
241 231
242 231
243 231
244 231
245 231
246 231
247 231
248 231
249 231
250 231
251 231
252 231
253 231
254 231
232 232
233 232
234 232
235 232
236 232
237 232
238 232
239 232
240 232
241 232
242 232
243 232
244 232
245 232
246 232
247 232
248 232
249 232
250 232
251 232
252 232
253 232
254 232
232 233
233 233
234 233
235 233
236 233
237 233
238 233
239 233
240 233
241 233
242 233
243 233
244 233
245 233
246 233
247 233
248 233
249 233
250 233
251 233
252 233
253 233
254 233
232 234
233 234
234 234
235 234
236 234
237 234
238 234
239 234
240 234
241 234
242 234
243 234
244 234
245 234
246 234
247 234
248 234
249 234
250 234
251 234
252 234
253 234
254 234
255 234
232 235
233 235
234 235
235 235
236 235
237 235
238 235
239 235
240 235
241 235
242 235
243 235
244 235
245 235
246 235
247 235
248 235
249 235
250 235
251 235
252 235
253 235
254 235
255 235
232 236
233 236
234 236
235 236
236 236
237 236
238 236
239 236
240 236
241 236
242 236
243 236
244 236
245 236
246 236
247 236
248 236
249 236
250 236
251 236
252 236
253 236
254 236
255 236
232 237
233 237
234 237
235 237
236 237
237 237
238 237
239 237
240 237
241 237
242 237
243 237
244 237
245 237
246 237
247 237
248 237
249 237
250 237
251 237
252 237
253 237
254 237
255 237
232 238
233 238
234 238
235 238
236 238
237 238
238 238
239 238
240 238
241 238
242 238
243 238
244 238
245 238
246 238
247 238
248 238
249 238
250 238
251 238
252 238
253 238
254 238
255 238
232 239
233 239
234 239
235 239
236 239
237 239
238 239
239 239
240 239
241 239
242 239
243 239
244 239
245 239
246 239
247 239
248 239
249 239
250 239
251 239
252 239
253 239
254 239
255 239
232 240
233 240
234 240
235 240
236 240
237 240
238 240
239 240
240 240
241 240
242 240
243 240
244 240
245 240
246 240
247 240
248 240
249 240
250 240
251 240
252 240
253 240
254 240
255 240
232 241
233 241
234 241
235 241
236 241
237 241
238 241
239 241
240 241
241 241
242 241
243 241
244 241
245 241
246 241
247 241
248 241
249 241
250 241
251 241
252 241
253 241
254 241
255 241
232 242
233 242
234 242
235 242
236 242
237 242
238 242
239 242
240 242
241 242
242 242
243 242
244 242
245 242
246 242
247 242
248 242
249 242
250 242
251 242
252 242
253 242
254 242
255 242
256 242
232 243
233 243
234 243
235 243
236 243
237 243
238 243
239 243
240 243
241 243
242 243
243 243
244 243
245 243
246 243
247 243
248 243
249 243
250 243
251 243
252 243
253 243
254 243
255 243
256 243
232 244
233 244
234 244
235 244
236 244
237 244
238 244
239 244
240 244
241 244
242 244
243 244
244 244
245 244
246 244
247 244
248 244
249 244
250 244
251 244
252 244
253 244
254 244
255 244
256 244
257 244
232 245
233 245
234 245
235 245
236 245
237 245
238 245
239 245
240 245
241 245
242 245
243 245
244 245
245 245
246 245
247 245
248 245
249 245
250 245
251 245
252 245
253 245
254 245
255 245
256 245
257 245
232 246
233 246
234 246
235 246
236 246
237 246
238 246
239 246
240 246
241 246
242 246
243 246
244 246
245 246
246 246
247 246
248 246
249 246
250 246
251 246
252 246
253 246
254 246
255 246
256 246
257 246
258 246
232 247
233 247
234 247
235 247
236 247
237 247
238 247
239 247
240 247
241 247
242 247
243 247
244 247
245 247
246 247
247 247
248 247
249 247
250 247
251 247
252 247
253 247
254 247
255 247
256 247
257 247
258 247
259 247
232 248
233 248
234 248
235 248
236 248
237 248
238 248
239 248
240 248
241 248
242 248
243 248
244 248
245 248
246 248
247 248
248 248
249 248
250 248
251 248
252 248
253 248
254 248
255 248
256 248
257 248
258 248
259 248
232 249
233 249
234 249
235 249
236 249
237 249
238 249
239 249
240 249
241 249
242 249
243 249
244 249
245 249
246 249
247 249
248 249
249 249
250 249
251 249
252 249
253 249
254 249
255 249
256 249
257 249
258 249
259 249
232 250
233 250
234 250
235 250
236 250
237 250
238 250
239 250
240 250
241 250
242 250
243 250
244 250
245 250
246 250
247 250
248 250
249 250
250 250
251 250
252 250
253 250
254 250
255 250
256 250
257 250
258 250
259 250
260 250
232 251
233 251
234 251
235 251
236 251
237 251
238 251
239 251
240 251
241 251
242 251
243 251
244 251
245 251
246 251
247 251
248 251
249 251
250 251
251 251
252 251
253 251
254 251
255 251
256 251
257 251
258 251
259 251
260 251
233 252
234 252
235 252
236 252
237 252
238 252
239 252
240 252
241 252
242 252
243 252
244 252
245 252
246 252
247 252
248 252
249 252
250 252
251 252
252 252
253 252
254 252
255 252
256 252
257 252
258 252
259 252
260 252
233 253
234 253
235 253
236 253
237 253
238 253
239 253
240 253
241 253
242 253
243 253
244 253
245 253
246 253
247 253
248 253
249 253
250 253
251 253
252 253
253 253
254 253
255 253
256 253
257 253
258 253
259 253
260 253
234 254
235 254
236 254
237 254
238 254
239 254
240 254
241 254
242 254
243 254
244 254
245 254
246 254
247 254
248 254
249 254
250 254
251 254
252 254
253 254
254 254
255 254
256 254
257 254
258 254
259 254
260 254
261 254
234 255
235 255
236 255
237 255
238 255
239 255
240 255
241 255
242 255
243 255
244 255
245 255
246 255
247 255
248 255
249 255
250 255
251 255
252 255
253 255
254 255
255 255
256 255
257 255
258 255
259 255
260 255
261 255
235 256
236 256
237 256
238 256
239 256
240 256
241 256
242 256
243 256
244 256
245 256
246 256
247 256
248 256
249 256
250 256
251 256
252 256
253 256
254 256
255 256
256 256
257 256
258 256
259 256
260 256
261 256
235 257
236 257
237 257
238 257
239 257
240 257
241 257
242 257
243 257
244 257
245 257
246 257
247 257
248 257
249 257
250 257
251 257
252 257
253 257
254 257
255 257
256 257
257 257
258 257
259 257
260 257
261 257
236 258
237 258
238 258
239 258
240 258
241 258
242 258
243 258
244 258
245 258
246 258
247 258
248 258
249 258
250 258
251 258
252 258
253 258
254 258
255 258
256 258
257 258
258 258
259 258
260 258
261 258
236 259
237 259
238 259
239 259
240 259
241 259
242 259
243 259
244 259
245 259
246 259
247 259
248 259
249 259
250 259
251 259
252 259
253 259
254 259
255 259
256 259
257 259
258 259
259 259
260 259
261 259
237 260
238 260
239 260
240 260
241 260
242 260
243 260
244 260
245 260
246 260
247 260
248 260
249 260
250 260
251 260
252 260
253 260
254 260
255 260
256 260
257 260
258 260
259 260
260 260
238 261
239 261
240 261
241 261
242 261
243 261
244 261
245 261
246 261
247 261
248 261
249 261
250 261
251 261
252 261
253 261
254 261
255 261
256 261
257 261
258 261
259 261
260 261
239 262
240 262
241 262
242 262
243 262
244 262
245 262
246 262
247 262
248 262
249 262
250 262
251 262
252 262
253 262
254 262
255 262
256 262
257 262
258 262
259 262
260 262
240 263
241 263
242 263
243 263
244 263
245 263
246 263
247 263
248 263
249 263
250 263
251 263
252 263
253 263
254 263
255 263
256 263
257 263
258 263
259 263
260 263
240 264
241 264
242 264
243 264
244 264
245 264
246 264
247 264
248 264
249 264
250 264
251 264
252 264
253 264
254 264
255 264
256 264
257 264
258 264
259 264
241 265
242 265
243 265
244 265
245 265
246 265
247 265
248 265
249 265
250 265
251 265
252 265
253 265
254 265
255 265
256 265
257 265
258 265
259 265
242 266
243 266
244 266
245 266
246 266
247 266
248 266
249 266
250 266
251 266
252 266
253 266
254 266
255 266
256 266
257 266
258 266
259 266
243 267
244 267
245 267
246 267
247 267
248 267
249 267
250 267
251 267
252 267
253 267
254 267
255 267
256 267
257 267
258 267
245 268
246 268
247 268
248 268
249 268
250 268
251 268
252 268
253 268
254 268
255 268
256 268
257 268
258 268
247 269
248 269
249 269
250 269
251 269
252 269
253 269
254 269
255 269
256 269
257 269
248 270
249 270
250 270
251 270
252 270
253 270
254 270
255 270
256 270
